1767
17719
21751
33472
40915
47904
47954
50438
53622
55146
58143
62736
72222
72622
73361
76916
90535
92000
92827
93720
94163
96517
97920
99253
102389
104164
108810
109135
109357
115315
116607
117674
119119
123529
128762
132979
136398
137886
138999
141063
149728
150163
151719
153158
160321
160758
163291
166895
171251
173627
176342
182941
183327
196561
197730
200549
207486
210278
216581
218327
219273
224689
224808
232621
232781
236502
240137
244824
249488
251444
251694
253466
256680
257893
260281
260576
261174
265057
266422
269546
276976
281421
282102
283010
286053
286770
293540
294782
295395
296765
302358
302605
304309
309773
312272
318334
326332
334850
337324
342912
343863
344640
344998
346024
347997
349294
353237
353753
357201
357945
361105
368144
368331
369959
371042
375560
379477
392718
397103
397729
398026
405885
416158
418303
419570
422742
424376
427330
430080
439279
443494
445704
452093
455750
456454
457934
464814
470602
471285
483468
491046
495914
500141
500213
502940
505550
507545
520686
525939
534676
542604
550320
550665
551524
556397
559500
561258
564815
570668
571663
571860
574531
581602
583395
584643
586306
600322
600933
602004
609300
612106
613049
614658
615679
616017
616646
617651
617827
623367
626525
627062
630674
633986
635963
648818
652049
652174
661461
664273
665130
666250
668620
669779
670415
674695
675665
676565
679499
681727
682542
682909
688838
709514
714886
719830
724700
727900
728092
729179
731550
732857
742761
745927
747318
750071
757191
763243
774924
786562
795515
796345
798950
799805
804046
808500
812113
812460
812654
812981
815985
817993
823256
824815
825023
827402
829715
830496
834167
838184
843266
844608
845030
846216
851068
858499
861829
863409
872626
873671
879796
880922
888108
898551
900666
901892
914568
914843
916255
916657
925361
925891
926855
928547
930708
935258
940017
940851
940887
954758
956304
959905
959927
962225
965203
969217
973260
973861
975162
976686
976764
985428
985636
985871
988869
989397
997706
997762
1006757
1015589
1018326
1025879
1035238
1036601
1036895
1036955
1037981
1043513
1047612
1047667
1047975
1053101
1056026
1057048
1060020
1064779
1065247
1065688
1070854
1072919
1074579
1075400
1076314
1079314
1085144
1086380
1090291
1093508
1098349
1099610
1100766
1102112
1102739
1107498
1109911
1112006
1113663
1120727
1125890
1126988
1128179
1129016
1131069
1131229
1136822
1138966
1142337
1143767
1148773
1149287
1152635
1155172
1157747
1169007
1169124
1169823
1175445
1189498
1194895
1198239
1199494
1199582
1202169
1210430
1215054
1220033
1221789
1223842
1226741
1227943
1231553
1238175
1242504
1243905
1255924
1258489
1259641
1262941
1263017
1263297
1268665
1273855
1276889
1281873
1282650
1285065
1297641
1301494
1305946
1309545
1312810
1318277
1329007
1329448
1333170
1336764
1344952
1345428
1345570
1347067
1349501
1349614
1355051
1360127
1360286
1362483
1362790
1372604
1384163
1386500
1386786
1389649
1394856
1397719
1399471
1400045
1408255
1411901
1414810
1421695
1424610
1428564
1428775
1429916
1434451
1434678
1434871
1434871
1436141
1443952
1445639
1452935
1452955
1458014
1459237
1460058
1462169
1466519
1469398
1478028
1479717
1480793
1493344
1499555
1500421
1501882
1503473
1503681
1505715
1513588
1515779
1517650
1525954
1529363
1531956
1537220
1545614
1549900
1553956
1554156
1555389
1558508
1567302
1569063
1570440
1570943
1571886
1575904
1576135
1578154
1582640
1586354
1588178
1591541
1596873
1603599
1603766
1612271
1613427
1614592
1618082
1622038
1623219
1624696
1626152
1626763
1634960
1636503
1649475
1659035
1668826
1669101
1669652
1672558
1672759
1672936
1673955
1676431
1676436
1676522
1679826
1679955
1680339
1683396
1685902
1686962
1692845
1694879
1696911
1700901
1705436
1705651
1711472
1719358
1727761
1728893
1730021
1732279
1738135
1743193
1748580
1749786
1749811
1753659
1754360
1761745
1785833
1792075
1792691
1798363
1804627
1810254
1811636
1816984
1818583
1822647
1823192
1828984
1829754
1835349
1837245
1840694
1847371
1850049
1852649
1853199
1861161
1865784
1865999
1869690
1875201
1876537
1878324
1882038
1882226
1883354
1885552
1887169
1889766
1891323
1892513
1893931
1894242
1898004
1899086
1902055
1906593
1907000
1907672
1913845
1915076
1918364
1918699
1923840
1928171
1931380
1933287
1941632
1941916
1944947
1960760
1963834
1965143
1972224
1973198
1973544
1978058
1981016
1984676
1987645
1989523
1992057
1994290
1997985
1998391
2000242
2003946
2009377
2014483
2023992
2026096
2030911
2037351
2038022
2042060
2042194
2049745
2051540
2052433
2054259
2054607
2057585
2070069
2076648
2077933
2080600
2082119
2082726
2088993
2090090
2107402
2107962
2107974
2111499
2113654
2123062
2124070
2136568
2138516
2139801
2141194
2156197
2159191
2162603
2163030
2169326
2171148
2172549
2176939
2180466
2180745
2183329
2184463
2184582
2193505
2197866
2208343
2215455
2216090
2216544
2219855
2233149
2237038
2245366
2249635
2251261
2251513
2255992
2259481
2261011
2261691
2265139
2265870
2267920
2269195
2273067
2283204
2289113
2290637
2290907
2291151
2291868
2292573
2296025
2300749
2301493
2303015
2303319
2304806
2312499
2315441
2321575
2326268
2327292
2328698
2332418
2338729
2338751
2341729
2342271
2347112
2350984
2356294
2362985
2370250
2372167
2372610
2373365
2377910
2384221
2385166
2386055
2386079
2395623
2403412
2406162
2410751
2412670
2415435
2422869
2423380
2424275
2425595
2427753
2431663
2433222
2435586
2441305
2447966
2448132
2449664
2449790
2451504
2460053
2463011
2464717
2466087
2473954
2487026
2487861
2489311
2490773
2491885
2495851
2496039
2496205
2498560
2501497
2502894
2504754
2507135
2509338
2510571
2516820
2516909
2520838
2525559
2534963
2537105
2550170
2563050
2563239
2571880
2572856
2574461
2578052
2579626
2584688
2585567
2592348
2595226
2598160
2598600
2599420
2602998
2608654
2609930
2617935
2628485
2634734
2635089
2635657
2638255
2643906
2653324
2658350
2660502
2662583
2667948
2669629
2670677
2671682
2675284
2675433
2693057
2694067
2695652
2696946
2698862
2700258
2700604
2704030
2704449
2704539
2714657
2715757
2718443
2719310
2725938
2727517
2730249
2738208
2738523
2742626
2744392
2745743
2750083
2757403
2765551
2767544
2770808
2774310
2779100
2788630
2792868
2799652
2799725
2816571
2831533
2833500
2834212
2835687
2835783
2838292
2838650
2842335
2845108
2846239
2849321
2858532
2859142
2863331
2865318
2866911
2867294
2870691
2872503
2878538
2878726
2886472
2888644
2892523
2893605
2907795
2915224
2915856
2917856
2921053
2929374
2932720
2936358
2937381
2938366
2946650
2953484
2954124
2962453
2967681
2973530
2975148
2981456
2983739
2984804
2985055
2985178
2989763
2990941
2992366
2994252
2999913
3003663
3005700
3012083
3015187
3018273
3024950
3028685
3032276
3032537
3033318
3036416
3039907
3044609
3046568
3046737
3048613
3050854
3052277
3053852
3060905
3064528
3065248
3069669
3072205
3073032
3079702
3081533
3084968
3086716
3088227
3088878
3092130
3092308
3096263
3099222
3099245
3102345
3107116
3119729
3130131
3131775
3132430
3132852
3134231
3137237
3138875
3138932
3142880
3143014
3147688
3150550
3151509
3155345
3156239
3157550
3160002
3160019
3165265
3171130
3172203
3177200
3181606
3185056
3186917
3187761
3187944
3190222
3197153
3204454
3206194
3206594
3210540
3210740
3212830
3212855
3217249
3222102
3226239
3233026
3238815
3241492
3243517
3252211
3254094
3262615
3268258
3274035
3275929
3278089
3284335
3286229
3288526
3289172
3291099
3292214
3295699
3306276
3306790
3306917
3308078
3308085
3309073
3316455
3318073
3318725
3323180
3324419
3325015
3329201
3332584
3332836
3337639
3340127
3340500
3346407
3347754
3354271
3354979
3362056
3365329
3366514
3380880
3381086
3387374
3387793
3388884
3392928
3396372
3398156
3411287
3417732
3422992
3423141
3423536
3423909
3429613
3436403
3437497
3441177
3442305
3454269
