88
145
398
584
893
1085
1665
1881
1906
1985
2319
2512
2514
2982
3124
3427
3685
3896
4187
4210
4301
4383
4856
5375
5658
5935
5968
6189
6306
6426
6702
6991
6991
7165
7187
7241
7627
8227
8372
8758
9424
9715
10778
11145
12177
12462
13386
14000
14232
14238
14436
14814
15035
15176
15375
15760
16214
16298
17083
17122
17197
17467
17800
17914
18084
18298
18325
18704
18738
18801
19375
19501
19801
19814
19876
19953
20001
20197
20772
20811
20852
21422
21498
21742
21917
22751
23426
23726
23734
23769
24168
24396
24830
25104
25125
25413
25588
25828
25960
26479
26662
26814
27650
28438
28487
28723
28780
29382
29570
29879
30124
30168
30675
31345
31471
32559
32626
33316
33365
33415
33890
34033
34377
34920
34932
34992
35005
35411
35709
35772
35821
36088
36979
37043
37100
37409
37914
37920
38016
38082
38400
39275
39507
39896
40050
40531
40635
40770
41444
41619
41894
42008
42039
42605
42644
42764
43724
43796
43998
45291
45791
45872
46506
46726
47015
47163
48732
48792
48894
48908
49155
49538
49584
49817
50040
50202
51532
52242
53255
53412
53627
53773
54141
54822
54998
55052
55118
55418
55461
55516
56416
56710
57694
58240
58524
58542
58575
58898
59476
60697
61288
61331
61679
62511
62868
63301
64012
64236
64433
64653
65416
66070
66205
66220
66234
66770
69011
69373
69430
69587
69662
70289
70353
71154
71669
72879
73484
73682
74014
74094
74642
74825
75116
75480
76486
76746
76798
76972
77326
77621
77694
77810
78201
78553
78603
78868
78958
79304
79340
79764
80156
80284
80364
80433
80799
80834
81717
81882
82581
83105
83394
83754
83975
84503
84646
84888
85083
85339
85780
85841
85942
86827
87851
88257
88407
88677
88996
89061
89275
89471
89958
90047
90555
90559
90722
91361
91467
91846
92528
92891
92906
93467
93711
93714
94015
94340
94405
94516
94874
95085
95109
95461
96165
96209
96972
97023
97116
97508
97936
98337
98670
98955
99004
99210
99314
99692
99706
100349
100761
100962
101242
101385
101821
101873
102219
102355
102574
102585
102876
103128
103454
103488
103775
104335
104585
104854
105042
105139
105160
105205
105456
105584
106877
106894
107378
108035
108603
108618
108980
109565
110217
110345
110917
111593
112372
112618
113195
113816
113868
114421
114819
114898
116374
116432
116942
117026
117271
118581
119533
119634
119878
120368
120385
120554
120598
120683
121220
121838
122423
122533
122539
123350
123360
123377
123931
124805
125336
125733
125934
125944
125969
126408
126510
128263
128640
128684
128694
129122
129689
129948
130137
130156
130242
130869
132281
132444
132553
133142
133805
134117
134155
134381
135500
135519
135763
136067
136326
136667
136810
136901
137316
138025
138108
138391
138450
138585
138996
139517
139756
139958
140763
141374
142272
142766
143695
144064
144984
145098
145151
145616
145885
146478
146478
146488
146952
147198
147438
147746
148497
148820
149038
149116
149359
149387
149860
150687
151228
151235
151327
152584
152931
154960
155303
155803
155996
156031
156097
157016
157437
157483
157663
157824
157867
157880
159212
159468
160255
160314
160319
160675
160904
161065
161095
161112
161120
161683
161683
161752
162325
162478
162611
162883
163612
163889
165122
165322
165338
165756
165764
165873
167064
167653
167830
168085
168604
168915
168919
169626
169651
169755
171174
171351
171959
172937
173129
173215
173611
174054
174505
174517
175232
175712
175982
176053
176159
176212
176555
176667
177022
177026
177347
177378
178205
178399
179617
179792
179890
180045
180356
180492
180618
180798
180938
182225
182312
182417
182797
182946
183232
183341
183373
183997
184094
184846
185474
185527
185687
185911
186355
186552
186606
186687
186747
186927
187249
187295
187894
188057
188059
189044
189291
189366
189614
189674
189814
190143
190345
190498
191086
192257
192327
192575
192927
194402
194460
194763
195307
195474
196165
196983
197504
197915
198106
198376
198755
198906
199841
199985
200039
200152
200390
200773
200850
201118
201301
201441
201741
201877
202488
202738
203390
203391
203639
203715
203885
204075
204291
205273
205710
207124
207233
207969
208424
208615
208927
209319
209724
209889
210165
210769
210772
211013
211180
212710
212760
213496
214052
214447
214852
215048
215265
215625
215636
215977
215989
216004
216804
216868
217319
217364
217442
217630
217691
217936
217974
218165
218303
219420
219930
220181
220654
220705
220709
221124
221256
221469
222031
222297
222389
222465
223404
223504
223694
224581
224728
225013
225552
225914
226138
226485
226969
227236
227562
227858
228087
228154
228172
228708
229303
229915
230042
231079
231139
231758
231840
231937
232249
232368
232419
233169
233418
233768
234293
234619
234687
235017
235017
235155
235160
235224
235897
236298
238318
238482
239260
240295
241227
241283
241427
242780
242829
243472
244607
244842
245690
246509
246795
246929
247534
247901
248380
248808
248936
249205
249622
249850
250453
250507
250941
251215
251647
252355
253810
254316
254704
254781
255150
255282
255885
256859
257238
257393
257800
258902
259643
259966
259995
260124
260155
260443
260535
261017
261328
261523
261905
262041
262078
262205
262593
262629
263109
263701
263768
263927
263994
264227
264378
265053
265532
265692
266130
266725
266870
266897
268029
268361
268483
268749
270251
270326
270390
270503
270571
271004
271312
271727
271823
271966
272348
272360
274063
274803
274986
275103
275544
275788
276124
276793
276952
277082
277874
277914
277918
278677
278938
280939
281038
281214
281783
282129
282340
282402
282549
282673
283293
284647
285641
285649
285658
285767
285819
285877
286274
286293
287004
287044
287344
287527
287581
287588
288063
288064
288097
288134
289033
289315
289680
289782
291212
291249
291475
291804
292051
292213
292213
292642
292985
293977
294144
295017
295316
295495
296076
296469
296652
296655
297228
297558
297649
297972
298425
299472
300701
300861
300938
301152
301216
301486
301829
302653
302923
303141
303173
303473
304204
304288
304932
305106
305296
305460
305810
306067
306105
306497
307189
307279
307568
308013
308034
308352
308526
309716
310285
310450
310955
311179
311297
311372
311632
312809
313126
313418
314468
314667
314773
315202
315426
315566
315737
316252
316685
316723
316861
317572
318483
318578
318731
318739
318906
319164
319525
319831
320260
320646
320956
321797
322349
322360
322680
322812
323338
323424
323835
324073
324840
324912
325002
325292
325572
325577
325704
325916
326569
326648
326654
326742
327433
327448
327950
328077
328114
328212
328521
328766
328883
328940
329113
329457
329477
329940
330661
331244
331438
331900
332345
332615
333231
333274
333417
333802
334029
334104
334643
334857
335122
335214
335397
335842
335857
336417
336434
336487
337387
337724
338004
338539
338666
338908
339186
339225
339666
340008
340272
340678
340998
341078
341778
341900
342315
343143
343222
343518
343922
344348
344645
344789
344966
345381
345478
345650
346276
346925
347218
347363
348018
348065
348123
348125
348317
348368
348782
349162
349999
350561
350675
351208
351680
351805
352037
352137
352380
352651
353230
353471
353531
353593
353603
353857
353869
354168
354683
354711
355440
355778
356505
356971
357045
357648
358383
358449
358685
359236
361102
361223
361398
362157
362694
362939
363236
363318
363545
363671
364014
364578
365752
366214
366249
367101
367342
367404
367832
368440
368912
369295
369465
370491
370514
370898
371372
371530
371649
372488
372564
372564
372791
373200
373253
373369
373387
374026
374412
375431
376338
376684
377090
377604
378205
378268
378320
378342
378371
378841
379533
379695
379700
379709
379756
379820
379902
380187
381085
381296
381356
381828
382049
382184
382372
382442
382941
383079
383219
383240
383334
383408
383532
383727
383849
384147
384296
384400
384718
384807
385460
385676
386052
386632
386648
387429
387516
388138
389299
389915
390206
390672
390959
390976
391125
391331
391884
392008
392642
392981
393354
393374
393694
393947
394168
394596
394693
394994
395190
395571
395650
395831
396347
397662
397677
397777
398257
398683
398688
399539
399768
400009
400245
400286
400347
400674
401440
401653
401728
401817
401937
402611
402739
402775
402863
403338
403767
405376
405539
406021
406130
406537
407182
407865
407922
407991
408075
408165
408624
408856
408891
409501
410025
410225
410429
410709
410836
411177
411941
412836
413026
414011
414387
414911
415048
415066
415195
415223
415299
415364
415536
416069
416313
416800
417069
417231
417999
418012
418165
418422
418473
418506
418583
418666
418754
419001
419817
419930
420584
420631
420958
421073
421528
421967
422240
422534
422803
423117
423315
423642
423961
424330
424696
425077
425345
425826
426161
426416
426501
426527
426661
426724
426742
427704
429060
429282
430227
430356
430477
430582
430728
431370
431853
432227
432960
433998
434734
434953
435357
435470
435788
437267
437269
438083
438108
438513
438635
438919
439021
439155
439717
439940
440063
440450
440572
441173
441546
441775
442248
442489
442835
443134
444171
445390
446099
446499
446643
447033
447158
447589
447911
448112
448143
448836
449292
449349
449611
450655
450661
451328
451580
451724
451981
452263
453466
453611
453854
454074
454133
454184
454360
454394
454855
455502
455511
456569
456901
456929
456970
457235
457593
457865
458884
459078
459152
459550
459601
459623
459672
460452
460610
461789
462020
462555
462758
463169
463354
463837
464027
464700
465012
465155
466638
466936
467044
467593
468656
469112
469623
469695
469878
470286
470322
470645
471210
471225
471519
472402
472980
474295
474303
474467
474667
474870
475217
475326
475389
475396
476113
476757
477114
477161
477244
477273
477351
478137
478461
478500
478703
479632
479730
479852
480027
480524
480664
480676
480797
480905
481031
481319
481815
481844
482572
482923
483130
483161
483251
483382
483941
483988
484525
484528
484530
484539
484891
484927
485071
485883
486410
486455
486523
486569
489025
490263
491339
491345
491359
491633
491736
493695
493726
493924
494128
495681
495689
495724
495772
496087
496106
497499
497736
497753
498116
498478
498594
498620
499213
499697
499841
500923
501037
501228
501577
501745
502200
502442
502612
502986
503024
503460
503687
504294
504700
504790
504952
506215
506233
506317
506329
506331
506742
507414
507785
508593
508694
508969
509053
509551
509610
510237
510561
510900
510993
511158
511420
511878
512145
512342
512508
513280
514107
515442
515640
516077
516597
516706
516962
516967
517031
517461
517858
517938
518389
518428
519052
519212
520147
521003
522200
522499
522704
523858
524022
524073
524097
524539
524642
524831
524959
525135
525612
526323
526332
527731
528018
528073
528659
528886
529132
529525
529915
530173
530378
530647
530912
531071
531182
531213
531332
531755
531831
531835
531957
532641
533170
533336
534033
534321
534663
535020
535364
536090
536621
537591
537615
538317
538692
538871
538983
539312
539354
539693
540297
540666
541392
541393
541513
541568
542374
542405
542904
542906
542915
543870
543967
544383
544902
545406
546036
546192
546232
546569
546753
547581
548389
548496
548523
548671
548919
548928
549253
549530
549735
549850
550042
550061
550591
550603
550646
551145
551280
551322
551597
551610
552891
553094
553213
553237
553359
553648
553683
553799
554240
554363
554482
554511
554643
554810
555231
555251
555586
555656
556410
557324
557907
558105
558227
558355
558625
559369
559535
560402
560739
560822
561207
561289
561551
563096
563636
563983
564566
564646
564965
565028
565413
565704
565976
566412
566687
567090
567576
567673
567693
567800
568038
568194
568509
569156
569387
569405
569546
570661
570670
570856
571172
571314
571599
571635
572421
572863
572927
573539
573591
573593
573918
574444
574518
575120
575151
575350
575739
575897
575919
576170
576407
576876
576889
577025
577036
577102
577226
577559
577801
578733
579142
579403
579680
579826
580539
581062
581149
581778
582020
582340
582954
583126
583261
583577
583786
583832
584921
585097
585239
585573
585639
585689
586059
586066
586071
586098
586177
586275
586650
586840
586864
587176
587258
587818
588288
588333
588399
588406
588659
589795
590749
590767
591036
591243
592001
592104
592770
592827
592869
592977
593122
593174
593487
594011
594846
595678
595949
596400
596906
597377
597529
598039
598208
598389
599133
600218
600370
600522
600690
600997
601126
601334
601470
601552
601829
601987
602489
603446
603514
603721
603906
607231
607511
607553
607814
608026
608737
608746
608812
608813
609240
609303
609496
610235
610844
611050
611283
611369
612500
612524
612753
613730
613840
614690
614700
614768
615355
615738
615933
616452
616633
616774
617215
617614
617935
618073
618551
619019
619560
620222
620317
620319
620930
621088
621388
621716
621951
621954
622198
622606
622706
622822
623316
623425
623643
623786
623796
624257
624539
624799
624923
625510
625804
625974
626328
626537
626701
626825
628355
628836
629300
630878
631623
631623
632267
632452
632607
632650
633213
633328
633653
633721
633921
635559
635569
635832
636586
636965
637057
637661
637721
637747
637806
638088
638888
639003
639047
639768
640294
640359
640870
640974
641058
641297
641313
641501
641660
641770
641801
642034
642570
642747
642879
642907
643279
644229
644758
645008
645165
645762
645856
645998
646198
646986
647346
647357
647507
647578
647890
648595
648739
649180
649242
649324
649621
649675
649782
650546
650599
650647
650721
650838
651132
651532
651797
652054
652420
653070
653852
653857
654136
654696
654988
655205
655748
655939
656376
656482
656613
657008
657046
657165
657756
658098
658272
658574
658721
659368
659409
660738
661397
662722
662772
663066
663920
664218
664270
664406
664543
664670
664671
664679
664818
665063
665319
665497
665666
666192
666797
666818
667004
667463
667467
667974
668146
668353
668549
669135
669366
669626
670424
670465
670470
670561
670673
671088
671477
671557
671650
672170
672896
673266
674188
674322
674437
674558
674761
675469
676401
676780
677253
677286
677342
677754
677939
677986
678352
678612
678775
679266
679547
680208
680278
680329
680578
680703
681411
681558
682298
682449
683199
684227
684374
685581
685606
685833
686725
687242
687532
688177
688331
688406
688482
688567
688962
689872
690176
690867
691552
691744
692424
693861
695401
695839
696224
696361
696650
697122
698243
698293
698856
698922
699637
699695
700015
700305
700509
700967
701386
702294
702396
702534
702893
703189
703593
704145
705144
705239
705674
706036
706485
706652
706874
707421
707895
708096
708238
708636
708952
709531
710329
710353
710523
710649
710745
711312
712013
712608
714320
714572
714870
714966
716203
716330
716464
716529
716535
716597
717255
717295
717353
717975
718498
718902
719155
719554
719661
719802
719879
721282
721996
722018
722372
723881
723981
725460
725553
725672
725844
726707
727475
727523
727930
728217
728235
728254
728338
729045
729181
729374
729707
729832
729874
730923
730935
731183
731560
732088
732250
732326
732419
732854
733000
734370
735500
735587
736047
736761
736810
736838
736863
737215
737374
737884
737949
738366
739181
739595
739791
739818
740323
740336
740864
741088
741245
741363
741375
741449
741627
741849
742406
743187
743457
743538
743717
744081
744082
744154
744254
744777
745291
745563
745619
746167
747381
747544
747653
748769
748814
748868
748953
749097
749216
749854
750203
750923
751946
752578
752665
752935
753780
753890
754159
754954
755655
755784
755821
756729
756748
756774
757204
757254
757417
757840
758100
758274
758692
758888
759310
759557
759609
759766
760055
760270
760925
761189
761356
762112
762973
763029
764311
764395
764844
764993
765347
765809
766464
766505
766915
767170
767635
767746
768169
768886
769067
769527
770511
770555
771534
771709
771875
772197
772396
772774
772932
773322
773810
773844
773897
774680
775949
776003
776918
777787
778902
779133
779220
779568
779930
780237
780602
781101
781506
781714
782449
782767
783086
783179
783183
783204
783206
783211
783847
783857
783889
784146
784363
784442
786459
786785
786904
787125
787478
787653
787876
788140
788162
788175
788400
789074
789101
789323
789418
789433
789450
789774
789852
790510
790589
791506
791808
791912
792161
792201
792249
792343
792397
792638
792714
793142
794067
794095
794863
795051
795152
795362
796314
796795
796971
797012
797244
797364
797665
798232
798300
800012
800142
800189
800559
800820
801199
801829
802153
802411
802576
802787
802789
803082
803285
803308
803673
803688
804168
804184
804263
804480
804827
805003
805802
806160
806282
806401
806628
806780
807074
807167
807731
808551
808819
810053
810569
811015
811421
811495
812057
812279
812301
812511
812908
813392
813902
813938
814227
814264
814792
815100
815247
815840
816168
816316
817148
817569
817757
817999
818883
819245
819554
819561
820038
820343
820617
820716
820730
820909
821197
821314
821472
821503
822009
822051
822807
822893
823043
823099
823956
824088
824177
825227
826171
826787
827093
827338
828018
828612
828662
829260
829418
829774
830327
830532
830534
830591
830694
831491
831727
832093
833325
834719
834732
835534
835692
835955
836013
836929
838068
838870
839362
839967
839991
840300
840913
840987
841112
841334
842044
842235
842350
842587
842813
842925
842979
843257
843581
843620
844171
845524
846437
846624
846646
846692
847104
847345
847686
847892
847973
848023
848567
848715
848824
849129
849264
849473
849873
850247
850776
851197
851213
851713
851856
851959
852003
852437
852680
853083
853649
854457
854734
854875
855029
856307
856409
856769
856803
856914
857107
857421
858587
859503
859729
859820
859925
860238
860304
860961
861233
861433
861643
862154
862192
862316
862533
863057
863091
863794
864023
864322
865350
865398
865439
865701
865956
866060
866663
866859
867954
867988
868133
868640
868808
869057
869191
869890
870041
870041
870204
870328
870537
870542
870635
872684
872698
873124
873527
873716
875080
875086
875225
875557
875628
876311
876438
877777
878248
878253
879583
879659
880156
880354
880631
880964
881346
881702
882301
882383
883296
884225
885082
885830
886080
886502
886660
887050
887160
887362
887458
888213
888392
888533
888985
888996
889143
889706
889959
890258
890477
890804
890931
891254
891275
891309
891539
892953
893011
893314
893500
893549
893681
893897
894229
894822
894942
894972
894986
895750
895811
897377
897722
897727
897737
898131
898310
898717
898810
899002
899564
899995
900380
900704
900785
901466
901529
901961
902151
902482
902507
902626
902777
903118
903479
903613
903847
904076
904179
904620
904809
905373
905597
906526
906697
906861
907047
907785
907860
908052
908123
910362
910495
911032
911060
911159
911710
911904
911913
912404
913906
914236
914487
914688
915109
915355
915391
915713
915776
915948
916611
917643
918782
918979
919371
919623
919631
919784
920018
920179
920626
920772
920825
920928
921166
922383
922472
922857
923239
923333
923439
923474
923700
923966
924099
924632
924716
924884
925773
926125
926268
927476
927809
928212
928515
929451
929519
930456
930623
930729
930967
931306
932565
932713
933644
934156
935434
936064
936158
936919
937651
937915
937919
938076
938767
940661
941268
941436
941794
943700
944131
944959
944985
945764
945822
946357
946730
946740
946981
947598
947932
948182
948443
948604
949076
949267
950466
950838
950994
950994
951068
951927
953190
953667
953988
954529
955002
955009
955203
955208
956174
956374
956841
957017
957271
957447
957605
957728
958307
958936
958939
959248
960423
961149
961325
961382
961859
962355
962512
962660
963538
963562
963633
963654
964215
964892
965238
965392
965471
965985
966575
967372
968290
968893
969176
969354
969483
969515
969815
970139
971486
971572
971886
972434
972952
972999
973027
973774
974258
974498
974694
974798
974807
975707
976021
976875
976918
977070
977174
977568
977800
978274
978290
978683
978901
979160
979706
980039
981962
981981
983391
984143
984158
984169
984297
984937
985286
985472
985792
985834
985980
986198
986249
986739
988168
988321
988432
988582
988652
988983
989327
989825
989955
990368
990451
991227
991636
991719
991805
993190
993340
993355
993839
994014
994420
994649
994940
995335
995985
996198
996589
997102
997245
998156
998508
999257
999507
1000082
1000292
1000368
1000758
1000817
1001171
1001396
1001508
1001809
1001838
1002883
1002907
1002953
1003362
1004198
1004595
1005308
1005503
1005793
1006003
1006757
1006780
1007112
1007674
1008890
1008929
1009075
1009171
1009692
1010105
1010206
1010753
1010935
1011059
1011066
1011398
1011439
1012064
1012793
1013694
1013742
1014053
1014295
1015180
1015325
1015549
1015974
1016380
1016979
1017092
1017557
1017621
1017658
1018138
1018321
1018372
1018518
1018787
1018872
1018936
1019004
1019438
1019455
1019830
1019990
1020069
1020561
1020824
1020899
1021007
1021396
1022097
1022584
1022618
1022987
1023012
1023252
1023352
1023746
1023774
1024483
1024502
1024599
1025094
1025482
1026171
1026174
1026821
1026860
1027020
1027209
1027410
1027571
1027738
1027898
1028113
1028869
1029823
1030015
1030183
1030524
1030779
1032113
1033117
1033301
1033968
1034109
1034278
1035640
1036130
1036251
1036645
1037570
1038389
1038663
1038761
1039345
1039423
1039880
1040528
1040732
1040800
1040864
1041805
1041882
1041962
1042866
1042893
1043833
1045429
1045500
1046621
1046632
1047010
1047158
1047672
1047912
1048111
1048128
1048169
1048469
1048718
1049238
1049387
1050235
1051063
1051237
1051356
1051560
1051854
1052387
1052710
1052852
1052981
1053779
1054928
1055680
1055696
1056050
1056104
1056244
1056246
1056249
1056334
1056416
1056536
1056594
1056701
1056767
1058019
1058277
1058342
1058818
1059181
1059337
1059463
1059616
1059918
1060097
1060395
1060582
1060845
1061877
1062284
1062385
1063016
1063232
1063388
1063538
1064188
1064282
1064427
1064664
1064755
1065269
1065421
1065937
1066433
1066656
1066865
1067052
1067192
1067456
1067933
1068347
1068796
1068869
1069098
1069395
1071482
1071742
1071921
1071942
1072296
1072297
1074192
1075352
1075448
1075639
1075729
1076484
1076620
1076699
1077187
1077747
1077965
1078536
1079805
1079980
1080203
1080251
1080393
1080443
1080457
1080939
1080944
1081305
1081373
1082475
1082499
1082514
1082565
1082740
1083017
1083596
1084136
1084138
1084759
1084899
1085294
1085693
1086086
1086143
1086277
1086557
1086701
1087026
1087042
1087204
1087818
1088090
1088430
1088505
1088779
1089702
1089761
1090206
1090419
1090688
1090767
1091112
1091501
1092301
1092344
1092517
1092852
1093338
1093413
1094211
1094313
1094853
1096277
1096492
1096573
1096822
1097373
1097827
1097851
1097857
1099210
1099217
1099819
1101204
1101211
1101591
1102535
1102542
1103101
1103605
1103896
1104637
1104797
1105242
1105412
1106845
1107045
1107198
1107429
1107692
1107948
1107963
1108097
1108283
1109635
1109886
1109998
1110699
1111873
1111880
1111907
1111980
1113227
1113725
1113737
1114123
1114173
1114195
1114284
1114405
1114465
1114518
1114648
1114788
1115391
1115450
1115635
1115671
1115739
1116454
1116993
1117532
1117613
1117886
1118320
1118516
1118612
1118965
1119238
1119352
1119444
1119554
1119725
1119849
1119908
1119935
1120042
1120106
1120180
1120487
1120819
1121503
1121796
1122045
1122475
1123276
1123430
1123716
1124115
1124532
1124625
1124940
1125252
1125496
1125960
1126027
1126073
1126288
1126370
1126373
1126987
1127175
1127177
1127400
1128154
1129342
1130165
1130249
1130594
1130635
1131277
1131438
1131510
1131575
1131843
1131889
1131894
1132034
1132153
1132350
1132801
1133041
1133203
1133349
1133432
1133572
1135153
1135403
1135519
1135528
1135757
1136102
1136623
1137528
1137776
1137901
1138460
1138762
1138914
1139115
1139143
1139290
1139465
1139495
1139953
1140075
1140902
1141218
1141632
1142180
1142421
1143047
1143061
1143258
1143347
1143824
1143851
1144368
1144632
1145089
1145394
1145972
1146166
1146541
1146715
1146833
1147070
1147819
1147873
1147933
1147941
1148073
1148423
1148426
1149141
1149149
1149197
1149457
1149555
1149774
1150128
1150248
1150436
1150685
1150785
1150940
1150994
1151198
1151352
1151856
1152771
1152791
1152921
1153074
1153466
1153521
1154036
1154277
1154281
1154348
1155285
1155854
1156022
1156299
1156344
1156409
1156528
1156639
1157298
1157569
1157997
1158259
1158509
1158586
1158750
1159004
1159227
1160318
1160590
1160956
1161103
1161107
1161772
1161934
1162049
1162280
1163274
1163415
1163485
1163917
1164123
1164235
1164425
1164539
1164944
1165233
1165556
1165720
1165807
1165851
1166389
1166653
1166932
1167441
1168416
1168778
1168964
1169007
1169131
1169140
1169164
1169244
1169754
1169821
1170047
1170723
1171098
1171550
1171636
1172083
1172248
1172779
1173114
1173277
1173334
1174489
1174674
1174824
1175052
1175752
1176044
1176750
1177504
1177506
1177719
1178316
1178737
1178800
1179050
1179269
1179691
1180617
1181012
1181184
1181453
1181586
1181818
1181830
1182016
1182035
1182401
1182765
1182857
1186287
1186779
1186860
1187077
1187116
1187680
1188031
1188205
1188742
1189763
1190243
1191005
1191073
1191177
1191225
1191823
1192164
1192616
1193371
1193462
1193695
1194062
1194120
1194420
1194439
1194698
1194794
1194795
1194817
1194890
1195130
1195154
1195474
1195592
1195594
1195661
1195878
1196468
1197484
1197542
1197770
1197829
1198952
1198985
1199229
1200660
1201248
1202167
1202388
1202526
1202764
1204826
1204948
1204991
1205408
1205509
1205946
1206640
1207014
1207286
1207700
1207709
1208434
1209000
1209076
1209130
1209378
1209598
1210904
1211113
1211132
1211150
1211198
1211493
1211538
1211594
1211646
1211702
1211801
1212047
1212149
1212152
1212416
1212609
1212753
1212819
1213496
1214327
1214574
1214652
1214932
1215123
1215716
1217236
1217312
1217336
1217598
1217899
1218178
1218639
1219118
1219834
1220155
1220682
1221436
1221526
1221918
1222077
1222199
1222446
1222632
1222979
1223583
1223934
1224253
1224923
1225006
1225304
1225622
1225983
1226133
1226212
1226249
1226484
1226728
1227080
1227613
1227766
1228021
1228583
1229032
1229664
1229904
1229905
1231684
1232812
1232992
1232998
1233392
1233815
1233897
1234204
1234427
1234714
1234774
1234857
1234931
1235172
1235300
1235324
1236268
1236424
1236506
1236533
1236642
1236865
1236981
1237447
1237853
1238369
1239061
1239168
1239596
1239790
1239969
1242240
1242331
1242383
1242458
1243559
1243756
1243804
1244370
1244684
1244790
1244948
1245477
1245532
1245883
1246157
1246271
1246425
1246891
1246893
1247076
1247222
1247509
1249497
1249731
1249882
1250875
1251850
1252110
1252410
1253245
1253582
1253778
1254234
1254745
1254767
1255041
1255251
1255292
1255553
1255600
1257152
1258564
1258629
1259098
1260223
1260946
1261142
1261823
1262811
1262983
1262997
1263412
1263505
1263935
1264446
1264488
1264549
1264852
1265049
1265302
1265882
1266565
1267337
1267460
1267523
1268034
1268056
1268114
1268155
1268672
1268687
1269535
1269856
1269902
1269971
1270474
1270551
1270815
1270823
1272036
1272760
1272801
1272872
1272957
1274966
1275268
1275587
1275783
1276228
1276400
1276723
1276790
1276970
1277677
1278056
1278211
1278347
1279122
1279190
1279951
1280321
1280654
1281023
1281231
1281720
1282230
1282883
1283516
1283593
1283603
1283672
1284228
1284286
1284383
1284703
1284788
1285960
1286386
1286724
1286811
1286833
1286895
1287183
1287356
1287481
1288007
1288461
1289528
1289897
1290068
1290373
1290788
1290889
1290940
1291162
1291275
1292269
1292425
1292933
1293451
1294332
1294815
1295389
1295661
1298231
1298876
1299343
1299378
1299504
1299900
1300107
1300267
1300995
1301941
1301947
1302742
1302868
1303045
1304150
1304953
1305516
1305823
1305979
1307250
1307636
1307689
1308441
1309066
1310023
1310095
1310268
1310403
1310730
1310807
1310925
1312187
1312474
1312475
1312771
1312785
1313327
1314368
1315558
1316255
1317620
1317745
1318821
1319057
1319794
1319827
1319893
1319919
1319928
1320108
1320727
1320881
1320950
1322985
1323107
1323423
1323531
1323556
1323588
1324168
1324397
1324760
1325051
1325094
1325472
1325785
1325831
1326374
1326625
1326707
1326743
1327445
1327468
1327853
1328768
1328912
1328932
1329007
1329347
1329395
1329403
1329584
1330073
1330426
1330562
1330908
1331035
1331058
1331643
1332233
1332598
1333399
1333883
1334606
1335198
1335296
1335919
1336084
1337054
1337175
1337752
1337908
1338201
1338204
1339242
1339613
1339740
1340207
1340743
1340809
1340909
1340995
1341157
1341182
1341405
1341959
1341985
1342009
1342163
1342284
1342373
1342585
1342667
1342785
1343309
1343427
1343630
1343873
1344481
1344575
1344884
1345230
1345829
1346074
1346572
1346608
1346905
1346990
1347095
1347222
1347690
1347930
1348040
1348668
1348676
1348794
1349354
1349916
1350300
1350335
1350840
1351228
1351286
1351374
1351415
1352026
1352424
1352943
1353019
1353755
1353775
1353981
1354133
1354381
1354764
1354921
1356493
1356652
1356728
1357341
1357477
1358373
1358771
1359205
1359590
1359614
1360101
1360324
1360409
1361305
1361542
1361620
1362332
1362439
1363520
1363934
1364481
1364532
1364914
1364924
1365478
1365505
1365855
1366385
1366414
1366604
1368013
1369127
1369242
1370288
1370393
1371224
1371455
1371565
1371587
1372016
1372137
1372175
1372227
1372306
1372369
1372580
1372701
1373109
1373238
1373252
1373340
1373626
1373811
1374230
1374727
1374831
1374946
1375098
1375115
1375749
1376049
1376360
1376482
1376500
1376872
1377321
1377652
1377842
1377934
1378054
1378549
1379091
1379625
1379629
1379951
1379970
1380165
1380284
1380633
1380739
1380947
1381370
1382030
1382272
1382382
1382799
1382996
1383728
1384444
1384627
1385853
1386538
1386657
1386729
1386767
1386805
1387358
1387528
1388045
1388335
1388479
1388508
1389078
1389153
1390022
1390245
1390360
1390447
1390576
1391308
1391962
1392479
1392579
1392600
1393301
1393559
1393920
1394193
1394968
1395215
1395321
1395635
1395813
1396141
1396941
1397077
1400129
1400675
1400735
1400853
1400961
1401545
1401910
1401986
1402637
1403067
1404366
1405161
1405602
1406033
1406316
1406326
1407077
1407961
1408182
1409172
1409316
1409398
1410091
1410258
1410261
1410589
1410625
1411364
1411797
1411809
1412178
1412200
1412384
1412821
1412874
1412974
1413289
1413377
1413557
1413663
1413810
1415006
1416176
1416804
1416933
1417020
1418881
1418946
1418983
1419041
1419111
1419920
1420245
1420298
1420380
1420920
1421422
1422761
1422981
1423217
1423800
1423924
1424027
1424346
1424385
1424441
1424446
1424939
1424945
1425684
1425785
1425868
1426577
1426701
1427055
1427162
1427195
1427278
1428000
1428853
1428856
1428968
1429180
1429898
1430546
1431201
1431567
1431622
1432545
1433152
1433944
1434008
1434188
1434352
1434833
1435333
1435334
1435522
1435537
1435844
1436557
1437964
1438364
1439064
1439451
1440021
1440584
1440594
1440878
1441493
1441728
1441861
1441887
1441933
1441970
1442025
1442123
1442334
1444202
1444236
1444781
1444964
1445795
1446149
1446567
1446829
1446978
1447241
1447290
1447320
1447584
1448050
1449160
1449438
1449865
1450607
1450993
1451193
1451380
1451592
1451604
1452179
1452278
1453604
1453910
1453943
1454439
1454475
1454661
1454877
1455678
1456004
1456239
1456761
1456838
1456944
1457081
1457151
1457312
1457397
1457716
1458453
1458475
1458715
1458727
1458867
1459390
1459836
1460854
1461194
1461755
1463359
1464126
1464300
1464386
1464821
1465123
1465327
1465512
1466003
1466376
1466513
1466932
1467048
1467418
1467547
1467637
1467853
1468097
1469219
1469691
1469924
1469982
1470077
1470117
1471034
1471361
1471464
1471741
1471854
1472409
1472695
1473000
1473419
1473497
1474263
1474778
1474851
1475134
1475348
1475500
1476248
1476593
1476649
1477171
1477384
1477440
1477680
1478098
1479013
1479159
1479180
1479876
1480023
1480054
1480057
1480057
1480422
1480659
1480953
1481064
1481439
1481464
1481516
1481672
1481716
1481737
1482372
1482466
1482574
1482784
1483221
1483302
1483354
1483670
1484161
1484204
1484346
1484707
1485271
1485407
1485781
1485902
1486053
1486071
1486391
1487574
1487742
1487834
1488238
1488857
1489519
1489831
1489871
1489930
1489940
1490271
1490516
1490585
1490813
1490930
1491402
1492381
1492721
1492907
1493089
1493131
1493156
1493240
1494428
1495951
1495994
1496225
1496588
1497219
1497431
1497623
1497631
1497872
1498137
1498328
1498605
1498922
1499271
1499410
1499462
1499468
1499530
1499584
1500172
1500232
1500723
1500918
1502478
1503744
1503803
1503891
1503957
1504159
1504316
1504376
1504446
1505374
1505782
1505845
1505893
1505937
1506142
1506209
1506421
1506507
1506659
1506850
1507009
1507219
1507316
1507418
1507652
1507779
1508393
1508934
1509120
1509204
1509449
1509695
1509795
1510544
1511073
1511830
1512111
1512281
1513162
1514182
1514779
1514912
1514936
1515971
1516566
1516716
1516795
1516910
1517079
1517092
1517427
1518284
1518409
1519471
1519657
1519820
1519978
1520572
1520842
1521875
1521950
1521987
1522113
1522314
1522465
1522590
1523182
1523504
1523692
1524004
1524223
1524264
1525068
1525562
1525652
1525657
1525682
1525826
1526005
1526756
1527021
1527107
1527159
1527503
1528398
1528939
1529019
1529057
1529373
1530074
1530213
1532000
1532337
1532472
1532548
1532720
1532760
1532785
1533171
1533483
1533529
1534086
1534196
1534231
1534333
1534703
1535667
1536341
1536927
1537166
1537682
1537901
1538288
1538535
1538558
1539426
1539516
1539633
1539685
1541946
1542071
1542275
1542719
1543749
1543951
1544231
1544376
1544381
1544674
1544727
1544911
1545638
1545907
1546024
1546049
1546530
1546905
1547535
1547573
1548510
1548542
1548939
1549021
1549051
1549318
1549431
1550032
1550335
1550376
1550472
1550625
1550977
1551342
1552042
1552390
1552749
1553071
1553429
1553719
1555232
1555379
1555961
1556547
1557041
1557664
1557838
1558006
1558642
1559032
1560191
1560268
1560685
1560749
1561212
1561336
1561380
1561505
1561511
1561743
1562109
1562186
1562325
1562620
1562733
1562926
1563396
1563826
1564315
1564428
1564821
1564963
1564966
1565239
1565406
1565756
1565910
1566717
1566924
1567401
1567623
1568172
1568247
1568825
1568986
1569069
1569178
1569546
1569748
1569767
1571595
1572438
1572921
1572938
1573537
1574007
1574038
1574215
1575425
1575979
1576617
1577572
1577948
1578296
1578818
1578898
1579151
1579283
1579991
1580117
1580979
1581072
1582149
1582187
1582426
1583601
1584701
1584709
1584818
1585225
1585598
1585693
1585872
1585997
1586033
1586650
1586818
1587116
1587457
1589376
1589742
1589763
1589836
1589914
1590759
1590807
1591285
1591312
1591585
1592452
1593239
1593401
1593442
1593526
1593610
1593685
1593923
1593930
1594048
1594051
1594120
1594152
1594169
1594687
1594872
1595101
1596040
1596284
1596349
1596572
1597175
1597362
1597813
1597875
1598280
1598344
1598594
1599044
1599114
1599487
1600163
1600165
1600466
1600827
1601811
1602137
1602320
1602746
1602834
1603020
1603154
1603496
1603699
1603780
1604486
1604731
1604881
1605221
1605257
1605390
1605468
1605723
1605842
1605950
1606611
1606710
1607006
1607686
1608442
1608615
1609153
1609210
1609871
1609937
1609983
1610232
1611498
1613327
1613393
1613472
1614457
1614493
1614957
1615437
1615568
1615800
1616693
1617243
1617611
1617682
1617869
1618204
1618546
1618601
1618846
1619043
1619409
1619440
1619944
1619986
1620237
1620247
1620325
1621982
1622150
1622421
1623309
1623846
1623907
1625836
1626524
1628457
1628656
1629556
1629949
1630194
1630247
1630744
1630818
1630845
1631114
1631384
1631937
1632213
1632657
1632674
1632887
1633085
1633329
1633480
1633873
1634437
1634588
1634647
1634695
1634807
1635295
1635414
1635474
1635736
1635998
1636089
1636613
1636969
1637092
1637098
1637165
1637234
1637892
1638609
1638730
1639131
1639161
1640026
1640786
1641307
1641318
1641453
1641454
1641588
1641970
1642028
1642098
1642586
1643679
1644502
1644554
1644567
1645206
1646780
1646838
1646948
1646983
1647173
1647237
1647884
1648013
1648464
1648631
1649047
1649053
1649645
1649864
1649915
1650599
1650612
1650690
1650884
1651934
1652266
1652343
1653221
1653603
1653652
1654360
1654555
1654559
1654604
1654959
1654960
1655808
1655877
1656430
1656470
1658010
1658417
1658632
1659139
1659564
1659832
1660198
1660842
1661081
1661095
1661110
1661357
1661797
1661854
1662213
1662327
1663315
1663443
1663501
1663603
1664742
1664779
1664892
1665324
1665647
1665831
1665893
1666390
1666451
1666656
1667785
1668194
1668496
1668872
1669080
1669139
1669302
1669562
1670587
1670622
1670878
1671095
1671694
1671742
1671954
1672027
1673221
1673329
1673351
1673666
1674880
1674899
1675101
1675273
1675434
1675506
1675893
1676064
1676359
1676362
1676438
1677292
1677325
1677365
1677572
1677771
1677914
1678058
1678099
1678206
1679249
1679715
1679769
1679805
1679971
1679996
1680103
1680575
1681277
1681654
1682027
1682177
1683320
1683825
1683976
1684070
1684751
1684865
1685117
1685399
1685685
1686400
1687327
1688203
1688446
1688701
1689171
1689355
1689558
1689794
1689973
1690015
1690428
1690588
1691261
1691319
1691663
1691818
1691926
1693473
1693606
1694178
1694727
1694916
1695216
1695903
1696080
1696980
1697385
1697802
1698189
1698214
1698335
1698751
1699114
1699214
1699545
1699719
1700396
1700570
1701144
1701227
1701259
1701298
1701980
1702274
1702678
1702835
1703083
1704277
1704911
1705465
1705596
1705857
1706116
1706198
1706311
1706330
1706424
1707069
1708048
1708829
1709493
1709537
1709572
1709684
1709706
1709916
1709922
1710093
1710815
1711688
1711742
1712005
1712210
1712268
1712297
1712812
1713126
1713170
1713567
1714136
1714456
1714891
1714960
1715344
1715474
1715505
1715524
1716810
1716885
1717646
1717996
1718639
1718849
1718908
1718922
1719078
1719789
1719900
1720058
1721456
1721877
1722315
1722557
1723048
1723506
1723968
1724022
1724711
1724720
1725151
1725194
1725616
1725781
1726290
1726500
1726780
1727388
1727757
1728359
1728453
1728455
1728486
1728567
1728673
1728866
1728984
1729075
1729693
1730443
1731820
1732353
1732454
1732526
1732614
1733287
1733601
1733652
1733656
1734003
1734806
1735090
1736307
1736411
1737149
1737330
1738079
1738283
1738310
1738455
1738764
1739200
1739565
1740016
1740710
1740925
1740939
1741349
1741421
1741670
1741880
1741947
1742043
1742045
1742145
1743039
1743524
1743892
1744189
1744475
1744558
1745046
1745055
1746424
1746871
1747033
1747039
1747980
1748701
1749115
1749617
1749716
1750087
1750414
1750663
1750972
1752209
1752338
1752606
1753068
1753826
1754045
1754060
1754368
1755373
1755752
1756009
1756116
1756127
1756574
1756629
1756801
1757090
1757499
1757909
1757998
1758020
1758343
1758405
1758576
1758922
1759125
1760242
1760646
1760663
1760758
1761696
1762017
1762614
1762641
1762883
1763139
1763340
1766618
1766887
1767405
1767689
1767868
1767951
1768079
1768126
1768532
1769026
1769074
1769268
1769274
1769328
1769355
1769463
1770199
1770406
1771117
1771225
1771844
1772240
1772271
1772604
1772846
1773226
1774513
1775027
1775296
1775502
1775605
1775708
1775897
1776150
1776345
1776503
1776645
1776656
1777118
1777989
1778233
1778237
1778464
1778559
1778614
1780585
1780917
1781023
1781098
1782031
1782266
1782299
1782312
1782480
1783492
1783728
1784033
1784090
1784376
1784382
1785348
1785698
1785798
1785851
1786281
1786387
1786468
1786666
1787063
1787068
1787247
1787610
1788168
1788652
1788838
1789323
1790008
1790111
1790969
1791594
1791872
1793324
1793592
1794046
1794937
1795076
1795209
1795492
1795931
1796028
1796366
1796488
1796532
1796943
1797365
1797377
1797731
1797754
1798291
1798915
1799108
1799241
1799250
1800384
1800658
1800842
1801424
1801890
1801949
1802214
1802225
1802371
1803149
1803538
1803919
1804228
1804813
1805357
1805526
1806055
1806258
1806278
1806398
1806411
1806467
1806571
1806734
1808500
1808521
1809013
1809047
1810075
1810103
1810149
1810314
1810448
1810450
1811501
1811575
1811705
1811881
1811947
1812723
1813167
1813827
1813851
1813934
1814947
1815351
1816097
1817226
1817659
1818232
1818542
1818680
1819325
1820588
1821179
1821681
1822094
1823116
1823629
1823699
1824461
1824775
1824959
1825620
1826096
1826209
1826329
1826531
1826960
1827029
1828192
1828399
1828550
1828569
1828677
1828693
1828803
1828857
1829013
1829318
1829368
1829781
1829850
1830379
1830839
1831467
1831629
1833402
1833553
1833832
1833919
1834106
1834703
1834739
1835544
1836173
1836272
1836433
1836781
1836934
1837045
1837080
1837217
1838011
1838781
1839130
1839855
1840144
1840148
1841693
1841783
1841857
1842200
1842362
1843025
1843365
1843620
1843623
1843968
1843975
1844464
1844724
1845095
1845965
1846115
1847286
1848389
1850567
1850887
1850945
1851508
1851697
1851752
1851988
1852232
1852377
1852589
1853045
1853088
1853570
1853972
1854299
1855148
1855177
1855498
1855571
1856177
1856417
1856551
1856790
1857903
1857905
1857975
1858143
1858151
1858202
1858380
1858541
1858867
1859072
1859091
1859205
1859303
1859337
1859970
1860712
1860728
1860782
1860805
1861082
1861536
1861902
1862189
1862417
1862462
1862553
1864369
1865196
1865412
1865430
1866372
1866683
1866686
1866750
1866974
1867243
1867569
1868129
1868138
1868550
1868718
1869104
1869238
1869399
1870141
1870215
1870310
1870735
1871945
1872374
1872579
1872868
1874255
1874489
1874528
1875060
1875281
1877156
1878461
1879391
1880151
1880231
1881232
1881335
1881383
1881393
1881701
1882624
1882806
1883287
1883383
1883390
1883509
1884912
1885463
1885863
1885911
1886198
1886318
1886576
1886922
1887171
1887488
1887795
1887838
1888162
1888177
1888747
1888897
1888901
1888989
1889863
1889878
1890149
1890959
1891634
1891665
1891903
1892055
1892092
1892276
1892644
1892652
1893410
1893867
1893905
1894130
1894156
1894191
1894686
1895202
1895564
1895676
1895982
1896669
1896883
1897183
1897917
1899022
1900178
1900194
1900213
1901208
1901210
1902469
1902499
1903236
1904287
1904355
1904736
1905688
1905810
1905813
1905882
1905980
1906725
1906918
1906989
1907341
1907703
1908056
1908621
1908806
1909197
1909756
1910309
1910567
1911182
1911268
1911417
1911711
1911760
1911884
1912018
1912502
1913216
1914038
1914150
1915395
1915586
1915698
1916306
1916739
1916941
1917243
1917306
1917762
1917762
1917924
1917979
1918914
1919336
1919467
1919826
1920380
1920959
1921021
1921114
1921212
1921286
1921451
1922206
1922429
1922482
1922775
1923009
1924744
1924862
1925358
1925553
1925750
1927164
1928556
1928568
1929411
1929699
1930045
1930497
1930625
1931628
1932125
1932589
1933318
1933717
1933925
1933975
1934442
1935347
1935410
1935629
1935666
1935955
1936335
1937613
1937698
1937879
1938006
1938302
1938665
1938840
1939273
1939432
1939519
1941450
1941473
1941558
1941589
1942209
1942276
1943300
1943795
1944066
1944410
1944700
1944953
1945167
1946118
1946671
1946680
1946791
1947894
1947904
1948330
1949095
1949436
1949850
1950155
1950482
1951139
1951185
1951474
1951883
1951950
1952613
1953021
1953024
1953193
1953313
1953570
1953648
1953702
1953882
1953904
1955093
1955180
1955249
1955439
1955466
1955533
1955740
1955818
1956385
1956515
1956629
1957113
1957215
1957351
1957556
1958219
1959250
1959269
1959590
1960266
1960344
1960629
1961442
1961547
1962076
1962196
1962323
1963554
1963576
1963894
1964383
1964558
1964856
1965432
1965863
1966230
1966518
1967724
1967797
1968190
1969112
1969485
1969843
1970355
1971005
1971805
1971808
1971846
1972067
1972127
1973615
1973726
1974134
1974289
1974779
1975361
1975476
1975916
1976220
1977107
1977888
1977944
1977977
1978124
1978126
1978692
1978731
1978732
1979200
1979202
1979229
1979245
1979290
1979594
1979673
1979855
1980078
1980616
1981016
1981327
1981622
1982144
1982314
1982550
1982702
1982713
1983130
1983526
1983835
1984193
1984308
1984506
1985689
1985761
1986044
1986158
1986355
1986491
1986852
1987345
1987347
1987903
1988367
1988599
1988882
1989017
1989166
1989245
1989289
1989675
1989726
1990160
1990915
1991211
1991501
1991718
1992522
1992605
1992632
1993614
1994030
1994218
1994750
1994981
1995038
1995562
1995994
1996077
1996171
1997608
1997736
1998072
1998672
1998952
1999147
1999430
1999648
1999819
2001001
2001188
2001531
2001749
2001900
2001938
2002189
2002439
2002626
2003057
2003471
2003665
2003729
2004151
2004248
2004308
2005575
2006185
2006799
2007027
2007453
2007515
2007705
2008580
2008895
2009189
2010589
2011426
2011443
2011448
2011518
2011529
2012434
2012704
2013231
2013362
2013408
2013578
2014202
2014669
2014684
2015013
2015274
2015676
2015721
2015836
2016132
2016318
2016444
2016785
2016968
2017629
2017688
2018055
2018155
2018507
2018631
2018736
2018980
2019126
2019876
2020012
2020530
2020697
2020815
2021035
2021224
2021440
2021852
2022875
2023388
2023694
2024521
2024568
2024691
2024758
2025500
2025698
2026077
2026696
2026971
2027251
2027853
2027862
2028174
2028272
2028518
2028566
2029625
2029649
2030257
2030421
2030654
2030757
2030780
2031046
2031382
2032362
2032461
2032954
2033325
2033358
2033360
2033365
2034106
2034705
2035001
2035146
2035450
2035768
2035804
2035954
2036184
2036881
2037123
2037795
2037823
2037889
2038739
2038839
2039051
2039692
2040207
2040369
2040427
2041732
2042005
2042570
2042879
2042975
2043230
2043703
2043717
2044560
2044774
2045033
2045171
2045812
2045937
2045988
2047257
2047425
2047539
2047633
2048412
2048819
2049732
2049848
2049898
2050320
2051365
2051517
2051744
2051750
2052118
2052510
2052881
2053477
2054464
2054950
2055810
2056114
2056862
2057585
2057626
2058710
2059197
2059392
2059733
2060359
2060795
2060992
2061083
2061107
2061115
2061431
2061481
2062691
2063088
2063216
2063246
2063597
2064021
2064329
2064741
2064899
2065137
2065834
2066265
2066358
2066368
2066500
2066701
2067032
2067296
2067317
2067634
2068154
2068225
2068419
2068782
2068912
2069060
2069347
2070559
2070960
2070987
2071005
2071112
2071412
2071567
2072012
2072659
2073525
2073575
2074157
2074265
2074366
2074444
2075008
2075236
2075265
2076012
2076141
2076584
2076661
2077718
2078111
2078161
2079693
2079859
2080256
2080338
2080378
2080424
2080474
2081525
2082611
2082668
2083013
2083364
2084815
2085598
2085976
2085995
2086037
2086070
2086213
2086309
2086344
2086651
2086865
2086909
2087173
2087266
2087730
2088251
2088284
2088359
2088377
2088560
2089064
2089796
2090233
2090252
2090808
2091106
2091570
2091947
2092118
2092128
2092571
2092700
2092744
2092955
2093214
2093757
2094336
2094682
2095043
2097303
2097583
2097755
2098380
2098512
2098925
2099002
2099029
2099265
2099779
2100066
2100477
2100705
2100874
2101212
2101238
2101480
2103095
2103172
2103775
2103916
2104233
2105280
2105420
2105562
2105589
2105810
2105857
2105923
2105945
2106134
2106420
2106458
2107348
2107412
2108173
2108384
2108839
2109495
2109918
2110037
2110477
2111362
2111469
2111784
2111894
2112300
2112719
2112751
2113338
2113665
2113794
2114132
2114514
2114918
2115237
2115506
2115649
2115993
2116132
2116450
2116505
2117030
2117890
2118626
2119336
2119338
2119437
2119562
2119640
2119670
2120219
2120482
2120812
2120972
2121327
2121495
2122234
2123047
2123577
2123865
2124135
2124454
2124817
2125236
2125419
2126177
2126234
2126643
2126736
2126773
2126975
2127580
2127609
2127669
2127783
2128308
2129090
2129474
2130002
2130253
2130687
2130831
2130895
2131277
2131473
2131540
2132441
2132946
2133000
2133290
2133329
2133387
2133504
2133524
2133969
2134206
2134753
2134759
2135294
2135743
2136152
2136436
2136472
2136499
2136934
2137052
2138058
2138188
2138294
2138662
2138850
2140404
2140416
2140501
2140749
2140773
2140931
2140975
2141202
2141294
2142233
2142276
2142469
2142563
2142690
2144439
2145304
2145481
2145506
2146375
2146768
2146958
2147512
2147884
2148126
2148221
2148257
2149261
2149688
2149737
2149882
2149985
2150213
2150347
2150550
2151672
2152147
2152417
2152982
2153321
2153617
2153756
2153786
2154544
2154891
2155262
2155579
2157164
2157304
2157454
2157632
2157896
2158284
2159072
2159359
2159591
2159742
2160466
2160521
2160945
2160951
2160985
2161430
2161779
2161998
2162022
2162055
2162069
2162666
2163444
2163773
2164947
2164964
2165618
2165892
2166503
2166680
2167420
2167432
2167671
2168904
2169028
2169285
2169368
2170235
2170375
2171007
2172069
2172662
2172842
2172938
2173384
2173447
2173490
2173567
2173727
2173768
2174143
2175341
2176172
2176439
2176507
2177073
2177229
2177277
2177424
2177735
2178030
2178037
2178371
2179105
2179741
2179991
2180769
2180836
2181073
2181186
2181285
2181293
2181314
2181839
2181892
2182094
2182503
2182979
2183471
2183930
2183955
2184004
2184222
2184706
2184810
2184847
2185509
2186153
2186346
2186368
2186498
2186714
2186890
2186987
2187483
2188428
2188863
2189082
2189301
2189681
2189775
2190329
2191402
2191639
2191870
2192169
2192549
2192682
2192931
2193023
2193118
2193359
2193585
2193710
2193870
2193984
2194060
2194365
2194811
2195080
2196043
2196426
2196621
2196758
2197344
2197716
2197824
2198318
2198563
2198586
2198600
2198902
2199793
2200084
2201142
2201145
2201184
2201208
2201254
2201485
2201676
2201688
2201811
2202516
2203238
2203269
2203825
2204003
2204329
2204502
2204953
2204984
2205116
2205262
2205676
2206249
2206263
2206276
2206615
2206880
2206987
2207050
2207132
2207220
2207756
2207759
2207908
2208131
2208137
2208235
2209520
2209918
2210433
2210568
2212069
2212410
2212509
2212724
2212778
2212876
2212974
2213680
2214064
2214653
2215170
2215352
2216141
2216213
2216711
2216836
2217371
2217521
2218222
2218352
2218409
2218757
2219110
2219277
2220103
2220157
2220460
2220483
2220677
2221088
2222035
2222341
2223646
2223771
2224005
2224361
2224487
2225243
2225272
2225431
2225484
2225577
2225727
2225727
2226706
2226955
2227175
2227455
2228277
2228561
2228727
2229076
2229609
2230437
2230443
2230543
2232057
2232586
2232672
2232795
2234203
2234226
2234719
2234740
2234903
2235677
2235980
2236621
2237303
2237448
2237448
2237517
2237886
2238172
2238218
2238369
2238498
2238707
2239027
2239341
2239528
2239868
2239988
2240168
2240538
2240765
2241472
2242291
2242316
2243101
2243408
2243608
2243804
2244447
2244569
2244964
2245222
2245270
2245349
2245682
2246426
2246518
2246812
2247655
2247766
2247781
2248054
2248067
2248929
2250231
2250524
2250663
2251626
2252270
2252394
2253704
2253982
2254598
2255311
2255694
2256470
2256517
2256688
2257084
2257356
2257371
2257618
2257680
2257721
2257783
2257963
2259096
2259809
2259883
2260383
2260794
2260810
2260888
2260932
2261066
2261134
2261229
2261527
2262014
2262242
2262319
2262707
2262832
2262845
2263132
2263827
2264989
2264989
2265052
2265203
2265247
2265450
2265509
2265536
2265900
2266079
2266577
2267291
2267648
2267877
2268101
2268221
2268298
2268337
2268463
2268759
2268766
2269190
2269442
2269705
2270330
2270754
2271071
2271295
2272163
2272199
2272450
2273026
2273106
2273201
2273282
2273483
2273558
2273671
2274126
2274335
2274695
2274898
2275297
2275697
2276757
2276916
2277631
2277900
2278395
2278475
2279465
2280537
2280745
2280895
2281440
2281996
2282418
2282736
2283222
2284461
2284635
2284732
2285207
2285285
2285649
2285749
2286875
2287081
2287413
2287671
2288009
2288086
2288523
2288635
2288855
2289022
2289570
2290011
2291211
2292658
2293588
2293694
2294278
2294812
2294952
2295164
2295426
2295491
2295591
2295634
2295818
2295998
2296025
2296652
2296775
2297391
2297816
2298203
2298317
2298670
2299516
2299718
2299835
2299837
2299855
2299974
2299985
2300059
2300198
2300299
2300947
2300994
2301205
2301885
2302199
2302581
2302645
2302867
2302962
2303098
2303109
2303149
2303263
2303400
2304170
2304283
2304816
2305527
2306292
2306651
2306692
2307411
2307516
2307587
2308008
2308228
2308726
2308837
2308976
2309485
2309682
2310122
2310933
2311020
2311046
2311075
2311228
2311501
2311799
2312287
2312777
2313181
2313251
2313938
2314233
2314540
2314681
2314965
2314993
2315850
2316202
2316412
2316652
2317131
2317603
2317885
2318139
2318282
2318327
2318439
2318440
2318869
2318931
2320002
2320366
2320838
2320998
2321067
2321244
2321270
2321769
2322311
2322372
2322530
2322671
2322772
2322995
2323297
2323637
2323890
2324372
2326337
2326737
2327551
2327653
2327792
2328504
2328785
2329003
2329270
2329364
2329656
2330444
2330676
2330682
2331198
2331218
2331515
2331526
2331790
2332117
2332156
2332225
2332240
2333790
2334255
2334570
2334663
2334842
2335007
2336553
2336774
2336833
2337051
2337212
2337235
2337445
2338273
2339030
2340508
2341079
2341097
2342097
2342238
2342304
2342436
2342478
2343546
2343899
2344034
2344234
2344426
2344466
2344503
2344604
2344927
2344982
2345102
2345530
2346160
2346472
2346836
2346861
2347036
2347068
2347764
2348079
2349451
2350425
2351392
2352268
2353585
2354542
2354613
2354757
2355328
2355340
2355662
2355870
2356592
2356956
2357228
2357795
2358141
2358364
2358968
2359051
2359368
2359582
2359707
2359708
2359879
2359951
2360172
2360175
2360336
2360809
2360849
2361147
2361160
2361530
2361562
2361905
2361951
2363556
2363906
2364533
2364908
2365012
2365636
2365759
2366627
2366848
2367077
2367471
2367564
2367825
2368094
2368470
2368912
2369370
2369760
2370149
2370289
2371717
2371764
2371849
2371995
2372433
2372507
2372808
2373066
2373067
2373089
2373343
2373782
2373818
2373843
2374149
2374530
2374541
2375051
2375061
2375068
2375613
2375700
2375970
2376011
2376113
2376198
2376274
2376629
2377344
2377874
2378215
2378928
2379013
2379337
2379932
2380043
2381028
2381188
2381198
2381473
2383037
2384279
2384389
2384788
2384875
2384916
2386326
2386686
2387066
2387240
2387468
2387784
2387875
2388247
2388471
2388493
2389407
2390040
2390107
2390241
2390387
2391328
2391380
2391681
2391901
2391984
2392051
2392625
2392908
2393265
2393581
2393771
2394073
2394158
2394180
2395352
2395972
2396017
2396160
2396331
2396352
2396462
2397440
2397533
2397681
2398166
2398216
2398673
2398765
2398773
2398964
2398999
2399319
2399494
2400057
2400263
2400289
2400332
2400563
2400670
2402007
2402181
2402760
2402889
2402964
2403504
2403661
2403736
2404010
2404165
2404384
2404722
2404860
2405080
2405141
2405446
2405484
2406128
2406514
2406637
2407272
2407367
2407483
2407844
2408223
2408247
2408620
2408715
2408767
2409608
2410264
2410545
2410726
2412112
2412262
2412602
2412768
2412956
2413161
2413220
2413532
2413714
2414639
2415128
2415737
2415776
2416165
2416402
2416707
2417497
2417972
2420226
2420816
2421777
2422153
2422153
2422413
2422552
2423881
2424387
2424469
2424805
2424828
2425213
2425641
2425980
2426013
2427059
2428209
2428345
2428472
2428717
2429161
2429730
2429886
2430331
2430395
2430527
2430576
2430710
2431196
2431484
2431737
2432179
2432772
2433689
2433953
2434270
2435348
2435396
2435947
2435980
2436545
2438071
2438104
2438507
2439701
2439901
2440624
2440648
2441929
2442035
2442837
2443050
2443077
2443896
2443930
2444231
2444492
2445249
2446024
2446074
2446090
2446182
2446239
2446459
2447144
2447167
2447396
2447947
2448812
2448826
2448853
2448927
2449579
2450120
2450997
2451826
2451919
2453314
2453823
2453837
2453860
2454261
2454334
2454865
2454925
2455311
2455595
2455686
2455890
2456080
2457306
2457399
2457541
2457711
2458191
2458312
2459692
2459840
2460211
2460403
2460495
2460640
2460836
2461105
2461661
2461898
2461938
2462217
2462796
2463279
2463288
2464283
2465071
2465283
2465352
2465513
2465669
2465805
2465886
2467332
2468043
2469235
2469540
2469880
2470241
2470366
2470442
2470894
2471733
2471890
2472014
2472076
2472086
2472539
2473060
2473264
2473455
2473723
2473735
2474016
2474125
2474228
2474575
2475081
2475605
2476029
2476182
2476196
2476704
2476795
2476898
2477074
2477750
2477857
2477910
2478097
2478476
2479838
2479922
2481186
2481238
2481239
2481907
2481924
2482170
2482422
2482819
2483391
2484294
2484997
2485222
2485293
2485661
2485762
2485910
2487246
2487262
2487826
2487929
2488570
2488678
2488870
2488891
2488964
2488982
2489014
2489822
2489991
2490266
2490336
2490430
2491501
2491502
2491667
2491685
2492367
2492536
2492603
2493515
2494108
2494325
2494467
2495102
2495163
2495401
2495578
2496250
2496588
2497837
2497983
2499478
2499712
2501385
2502467
2503286
2503404
2503875
2504651
2504961
2504963
2505892
2506162
2506724
2507369
2508571
2508894
2508905
2509002
2509212
2509485
2509734
2510437
2511009
2511205
2511367
2511400
2511454
2511943
2512037
2512472
2512989
2514051
2514748
2514976
2515338
2515537
2515856
2516195
2516665
2517058
2517111
2517359
2517508
2518100
2519100
2519953
2520337
2520639
2520675
2521831
2521985
2522129
2522507
2523171
2523230
2523613
2524432
2525127
2525450
2525889
2526135
2526213
2526427
2526495
2527413
2527755
2528283
2528535
2528943
2529014
2529302
2530487
2530549
2530763
2530907
2530933
2531367
2532415
2532570
2533414
2533510
2533602
2533999
2534237
2534270
2534495
2534614
2534893
2534897
2535562
2535623
2535786
2536043
2536076
2536269
2536278
2537148
2538057
2538594
2538854
2538977
2539454
2539755
2540224
2540345
2540590
2540642
2540763
2541105
2541513
2541883
2542617
2542653
2543072
2543125
2543240
2543711
2543858
2544359
2544763
2544943
2545120
2545404
2545448
2545570
2546048
2546569
2546763
2547951
2547962
2548194
2548483
2548484
2548785
2549104
2549752
2550176
2550279
2550309
2550345
2550999
2551378
2551648
2551838
2552526
2553194
2554336
2554838
2555798
2555850
2556124
2556579
2556829
2557006
2557073
2557495
2558352
2558473
2558499
2558710
2558943
2558989
2559104
2559289
2559773
2560972
2561179
2561334
2561774
2562258
2562898
2563788
2564039
2564457
2564835
2565587
2566566
2566729
2566940
2567049
2567384
2567880
2568338
2568398
2568436
2569778
2569942
2570324
2570472
2570967
2571068
2571184
2572059
2572634
2572749
2573105
2574273
2575010
2575018
2575050
2575530
2575644
2575675
2576117
2576286
2576381
2576716
2576817
2577011
2577435
2577543
2577894
2579014
2579185
2579195
2580518
2580659
2580897
2581256
2581377
2581390
2581410
2581560
2581560
2581860
2582027
2582569
2582586
2582712
2582754
2582759
2582809
2582859
2583231
2583580
2583699
2583800
2584370
2584972
2585167
2585269
2585293
2585411
2585486
2585981
2586507
2586720
2589044
2589534
2590141
2590954
2591524
2591536
2591543
2591634
2592054
2592231
2592362
2592798
2592836
2592974
2593078
2593542
2593681
2593988
2595011
2595447
2595595
2595785
2595946
2595987
2596212
2596408
2596644
2597635
2597645
2597732
2597949
2598240
2598600
2598783
2599324
2599370
2599448
2599490
2599533
2599576
2599591
2599675
2600149
2600363
2600406
2600632
2600766
2601364
2602122
2602218
2602274
2602396
2602736
2602942
2603018
2603136
2603211
2603447
2604532
2604563
2605211
2605700
2605946
2606585
2607170
2607427
2607583
2607662
2607683
2607798
2607904
2607912
2608102
2609147
2609454
2609861
2609880
2610023
2610576
2610842
2611421
2613008
2613304
2613605
2613980
2614192
2614258
2615094
2615667
2615721
2616035
2616365
2616741
2616938
2617296
2617595
2617597
2618099
2618307
2618372
2618456
2619827
2620264
2620275
2621105
2621872
2621920
2623187
2623359
2623494
2623772
2623853
2624791
2625171
2625237
2626144
2626219
2626407
2626422
2626454
2626841
2627145
2627300
2627443
2628723
2628855
2629116
2629704
2629789
2630087
2630151
2630248
2630689
2630720
2631021
2631287
2631836
2632103
2632375
2633696
2634160
2634504
2634516
2634622
2634914
2635693
2636108
2636507
2637129
2637903
2638697
2638848
2638912
2639463
2640195
2640714
2641342
2641820
2642361
2642501
2643065
2643099
2643446
2643493
2643503
2644314
2644628
2645838
2646267
2646340
2646393
2647095
2648346
2648365
2649424
2649447
2649749
2649786
2650208
2650345
2651711
2652026
2653279
2653295
2653979
2654044
2654077
2654122
2654695
2656557
2657457
2657531
2658114
2658166
2658178
2658212
2658343
2658392
2658481
2658519
2658926
2659264
2659656
2659929
2660673
2660946
2661099
2661136
2661354
2662626
2663942
2664025
2664222
2664233
2664315
2664681
2665142
2665601
2665702
2666033
2666861
2667005
2667715
2667965
2668571
2670089
2671345
2671538
2671681
2672227
2672349
2672401
2672807
2673110
2673264
2673295
2673376
2673416
2674477
2674633
2675082
2676110
2676237
2676271
2677190
2677297
2677689
2677777
2677906
2678038
2678046
2678203
2678371
2678461
2678684
2678837
2678848
2678886
2678987
2679047
2679067
2679687
2679886
2680077
2680081
2680561
2683019
2683884
2684782
2685610
2685708
2687488
2687913
2687928
2688370
2688397
2688637
2688723
2689677
2690128
2691690
2692092
2693404
2693758
2693934
2694408
2694441
2694690
2694802
2694915
2695241
2695757
2695895
2696292
2696660
2696718
2697022
2697211
2697436
2697515
2698062
2698520
2699019
2699058
2699071
2699131
2699395
2699610
2699732
2699741
2699790
2699946
2700298
2700300
2700396
2700443
2700784
2701221
2701359
2701849
2702160
2702623
2702654
2702676
2702729
2702921
2703265
2703834
2704318
2704480
2704584
2704799
2705169
2705936
2706059
2706759
2708458
2708607
2709406
2709707
2709729
2709734
2710302
2710443
2710662
2710924
2711118
2711185
2711383
2713404
2713527
2713571
2713986
2714101
2715030
2715404
2715716
2716005
2716139
2716323
2716577
2716714
2717407
2717510
2717558
2717743
2717969
2718011
2718556
2719193
2719811
2720942
2721150
2721509
2721826
2722083
2722086
2722165
2722472
2722585
2722599
2722875
2722962
2723157
2724054
2724307
2724760
2725151
2725290
2725362
2725720
2725760
2725790
2726198
2726358
2728871
2729160
2729465
2729895
2730217
2730230
2730396
2732386
2733032
2733349
2734055
2734441
2734521
2734732
2735170
2735380
2735730
2735935
2735949
2736005
2736134
2736268
2736658
2736851
2737695
2738014
2738037
2738998
2739013
2739319
2739709
2740103
2740703
2741593
2741977
2742305
2742922
2743611
2743653
2744366
2744563
2744766
2744831
2744977
2745103
2745279
2745339
2746122
2746184
2747591
2747639
2748169
2749063
2749543
2749597
2750140
2750143
2750478
2750667
2751841
2752293
2752632
2753394
2753406
2754305
2754743
2755406
2755555
2756010
2756644
2756662
2757165
2757335
2757394
2758233
2758259
2758877
2758986
2759268
2759303
2759533
2759628
2759947
2760434
2760491
2760554
2760573
2760911
2761124
2761455
2761460
2761462
2762408
2762408
2762642
2763099
2763543
2764001
2764469
2764548
2764993
2765473
2765842
2766423
2766846
2767320
2767626
2768383
2768678
2769103
2770020
2770231
2770518
2770895
2771021
2771068
2771667
2771713
2771777
2772251
2772255
2773143
2773776
2773802
2773867
2773927
2774134
2774179
2774391
2774605
2775390
2775440
2775675
2775895
2775897
2775940
2776175
2776191
2777339
2777440
2777587
2777742
2778083
2778348
2779148
2779198
2780298
2780431
2780440
2780810
2784354
2784876
2784920
2785726
2786023
2786046
2786400
2786440
2786778
2787833
2787938
2788260
2788744
2788804
2789040
2789420
2789435
2789601
2790331
2790372
2790479
2790488
2790567
2790666
2790769
2791069
2791542
2791777
2792072
2792667
2793129
2793625
2793700
2793751
2794094
2794160
2794188
2794705
2794853
2795008
2795111
2796294
2796505
2797193
2797256
2797765
2797805
2798181
2798738
2798832
2799015
2799673
2799757
2800181
2800890
2800937
2801263
2801935
2802579
2803020
2803167
2803200
2803234
2803534
2804698
2805235
2805278
2805913
2806141
2806424
2806924
2807235
2807821
2808042
2808153
2808773
2809191
2809474
2809514
2809904
2809906
2810815
2811950
2812063
2812453
2812522
2812541
2812582
2812603
2812838
2812871
2813500
2813851
2814121
2814317
2814523
2814720
2815151
2815829
2815917
2816057
2816061
2816577
2817458
2818165
2818460
2819235
2819939
2820713
2821239
2821259
2821307
2821587
2821626
2821685
2822052
2822216
2822597
2822788
2822971
2823462
2823513
2823583
2824125
2824424
2824471
2824752
2825545
2825666
2827016
2827182
2827322
2827438
2827518
2827736
2827859
2827894
2827991
2828237
2829152
2829233
2829400
2829724
2829840
2829888
2830351
2830384
2830712
2831136
2831310
2831884
2832366
2832662
2832748
2832950
2833597
2833952
2834349
2834583
2835116
2835194
2835228
2835838
2835893
2836392
2836759
2837772
2838292
2838671
2838685
2838692
2839566
2839939
2840077
2840981
2841126
2842589
2842595
2842861
2843020
2843615
2843869
2844355
2844675
2845083
2845780
2845991
2846747
2847156
2847750
2847784
2847785
2847938
2848001
2848219
2848594
2848913
2849232
2849515
2849808
2850131
2851123
2851317
2852084
2852508
2853622
2853734
2853814
2854385
2855013
2855516
2855906
2857537
2858257
2858568
2858582
2858752
2858785
2858943
2859289
2859965
2860034
2860119
2860144
2860470
2860517
2860519
2860917
2860938
2861018
2861179
2861288
2861348
2861602
2861806
2861818
2862369
2862971
2863452
2863487
2863512
2863839
2863987
2864510
2865235
2865791
2866057
2866062
2866099
2866438
2866888
2867286
2868042
2868582
2868809
2869648
2870783
2871127
2871290
2871311
2871370
2871434
2871677
2872422
2872504
2872610
2872831
2872887
2872979
2873545
2873772
2874152
2874274
2874993
2875336
2875946
2875994
2876190
2876271
2876347
2876904
2877070
2877641
2878004
2878772
2879479
2879496
2879697
2880039
2880437
2881056
2881283
2881506
2881655
2881747
2882330
2882330
2882587
2882695
2883164
2883195
2883232
2883294
2883929
2884046
2884385
2884493
2885077
2885642
2885997
2886185
2886793
2887413
2888590
2888781
2888794
2888884
2889168
2889199
2889712
2891149
2891199
2891308
2891705
2891946
2892853
2893210
2893415
2894037
2895079
2895091
2895119
2895446
2895602
2896922
2897845
2897916
2897986
2898187
2898201
2898435
2898846
2899052
2899232
2899239
2900623
2901676
2901827
2902310
2903764
2903845
2904042
2904234
2904528
2904908
2905307
2905395
2905771
2906698
2907017
2907551
2907712
2908265
2908420
2908459
2908977
2909135
2909191
2909570
2910181
2910967
2911090
2911144
2911770
2912348
2913932
2914165
2914622
2914670
2914763
2915189
2915335
2915839
2916005
2916173
2916310
2916373
2916753
2916848
2917628
2917658
2918036
2918911
2920128
2920259
2921042
2921404
2922139
2922195
2922323
2922396
2922512
2923630
2923717
2923718
2923725
2924104
2925073
2925639
2925818
2926049
2926541
2926983
2927078
2927911
2928139
2929001
2929022
2929146
2929228
2929400
2929453
2929706
2930506
2930956
2931023
2931410
2931429
2931727
2931782
2932514
2932550
2933349
2933981
2934315
2935117
2935527
2935591
2935922
2936022
2936418
2936521
2936540
2936566
2936633
2936822
2937809
2938703
2939249
2940021
2940210
2940324
2940568
2941257
2941549
2941819
2942338
2943224
2943697
2944752
2945183
2945392
2946485
2946642
2946836
2947797
2947907
2948090
2948457
2948824
2949031
2949682
2949897
2949964
2950243
2950315
2950420
2950589
2950937
2951696
2952222
2952519
2952614
2953456
2953932
2953983
2954154
2954574
2954941
2955098
2955476
2955639
2955753
2956244
2956246
2957004
2957460
2958063
2958227
2958560
2958789
2958834
2958939
2959497
2960286
2961063
2961240
2961435
2962730
2963536
2964288
2964425
2964480
2965577
2966351
2966384
2966809
2967102
2967849
2968326
2968527
2968547
2968613
2969426
2971047
2971174
2971199
2971550
2971610
2971728
2971953
2972432
2973010
2973118
2973348
2973383
2975100
2975196
2975325
2975545
2975870
2975918
2975957
2976138
2976865
2977153
2977678
2978050
2978282
2978351
2978358
2978459
2978508
2978643
2979282
2979328
2979411
2979603
2979614
2979626
2979703
2979748
2980110
2980607
2980728
2980868
2981312
2981822
2982095
2982921
2982950
2983200
2984491
2984589
2984992
2985079
2985927
2986447
2986689
2987454
2987686
2987899
2988025
2988579
2988648
2988703
2988881
2988962
2989319
2989418
2990553
2990651
2990940
2991970
2993015
2993368
2993501
2993687
2994316
2996306
2996359
2996546
2996942
2997281
2997791
2997938
2997962
2997996
2998288
2998318
2998401
2998630
2998870
2999375
2999379
2999839
3000112
3000179
3000526
3000711
3002435
3002463
3003149
3003780
3003918
3004326
3004508
3004673
3005389
3005904
3005975
3006701
3006733
3007771
3008388
3009422
3010259
3010283
3010522
3010633
3010867
3011442
3011572
3011837
3011985
3013782
3014006
3014056
3015399
3015980
3016580
3016600
3016625
3016781
3016893
3017047
3017210
3017326
3017392
3017514
3017755
3018269
3019147
3019197
3019773
3019991
3020014
3020846
3020948
3021527
3021633
3021723
3022174
3022401
3023121
3023403
3023411
3023516
3023573
3023843
3023846
3023941
3024154
3024345
3024457
3024952
3025215
3026401
3026619
3027277
3027972
3028267
3028746
3028762
3029361
3029393
3029397
3029479
3030751
3030921
3032061
3032165
3033235
3033243
3034432
3035053
3035240
3035526
3035701
3035927
3036743
3036814
3036900
3037204
3037810
3038388
3038983
3039218
3040046
3040346
3040562
3041578
3042361
3042469
3042847
3042886
3043621
3044055
3044415
3044522
3044759
3044983
3045072
3045236
3045306
3045428
3045491
3045502
3046350
3046610
3047182
3047717
3047859
3048036
3048836
3049117
3049272
3049612
3049621
3050266
3050971
3051586
3051808
3051968
3052249
3052921
3052921
3053073
3053617
3053635
3053662
3053771
3054811
3055149
3055168
3055471
3055740
3056530
3056551
3057427
3057520
3058080
3058267
3058342
3058664
3059284
3059427
3060140
3060744
3060990
3061457
3061582
3061652
3061729
3061734
3062070
3062607
3062987
3063996
3064280
3064547
3065410
3065664
3066137
3066571
3067653
3068169
3068210
3069735
3070121
3070175
3070243
3071015
3071084
3071830
3073578
3073721
3074450
3074455
3075112
3076085
3076100
3076169
3076750
3076800
3076937
3077148
3077297
3077763
3078041
3078067
3078785
3079105
3079570
3080093
3080455
3080691
3081155
3082127
3082175
3082271
3082566
3082749
3082911
3082915
3083302
3084096
3084423
3084961
3085216
3085668
3085831
3086005
3086568
3086578
3086834
3087215
3087228
3087881
3087970
3089002
3089990
3090006
3090065
3090546
3091178
3091237
3091487
3091505
3092298
3092802
3093302
3094227
3094422
3094612
3094711
3095223
3095721
3096273
3096531
3096906
3097221
3097300
3097462
3097625
3097708
3098071
3098168
3098265
3099023
3099775
3100014
3100155
3100652
3100782
3101306
3101545
3102316
3102463
3102994
3103087
3103282
3104133
3104254
3104812
3104817
3105440
3105442
3105711
3105737
3106050
3106276
3106455
3107687
3107919
3108049
3108375
3109479
3110047
3110279
3110309
3110320
3110803
3111449
3111762
3111917
3112441
3113574
3114248
3114254
3115047
3115134
3115528
3115664
3116600
3116757
3117187
3117390
3117450
3117533
3118035
3118226
3118537
3118695
3118817
3118829
3119442
3119732
3119762
3120466
3120936
3120993
3121311
3121323
3121729
3122327
3122376
3122487
3123085
3123174
3123199
3123395
3123780
3123850
3123925
3124095
3124374
3124750
3124767
3124931
3125101
3125249
3125506
3126480
3126541
3126582
3127151
3127355
3127902
3128021
3128071
3128120
3128348
3128510
3129057
3131118
3131304
3131398
3131450
3131887
3132324
3133056
3133105
3133908
3134392
3135616
3135683
3135959
3136021
3136160
3136334
3136373
3136774
3137520
3137535
3138093
3138347
3138702
3139164
3140132
3140372
3140488
3140562
3140764
3141043
3141292
3142839
3143074
3143877
3144204
3144386
3144523
3144749
3145235
3145761
3146091
3147243
3148056
3148205
3148231
3148742
3148891
3148982
3149045
3149325
3150348
3150409
3150409
3150586
3150767
3151819
3152153
3152212
3152800
3152942
3154196
3154359
3154818
3155379
3155581
3156672
3156697
3157189
3157368
3157901
3158120
3158592
3159439
3159498
3159743
3159797
3160001
3160033
3160172
3160645
3160650
3160722
3161105
3161153
3161704
3161845
3162029
3162049
3162152
3162389
3163130
3163513
3163791
3164559
3164713
3165013
3165434
3165537
3165591
3165835
3165865
3165998
3166055
3166602
3166759
3166907
3167032
3167158
3167169
3168049
3168216
3168299
3168424
3168755
3168894
3171279
3171324
3171355
3173124
3173157
3173484
3173662
3174692
3175675
3175790
3175936
3176603
3176631
3176782
3177060
3177277
3177589
3178238
3178329
3178392
3179274
3179836
3181565
3181889
3182081
3182596
3183531
3184626
3185555
3185746
3185803
3186488
3186998
3187216
3187375
3187382
3187526
3187620
3187672
3187756
3188055
3188073
3188133
3188445
3188786
3189030
3189246
3189893
3190876
3191130
3191155
3191786
3192182
3192489
3192720
3192892
3192976
3193890
3194105
3194315
3194432
3194848
3195672
3196017
3196473
3196792
3196847
3197669
3197728
3197859
3197872
3198131
3198628
3198794
3199048
3199745
3199798
3200007
3200653
3200961
3201199
3201958
3202462
3202837
3203261
3203853
3204374
3204733
3204739
3204856
3204913
3205347
3205382
3205885
3206199
3206272
3206680
3206927
3207096
3207312
3207490
3207600
3208227
3208855
3209117
3209247
3209387
3209632
3209884
3210410
3211745
3211799
3212783
3213084
3213290
3214025
3214498
3214806
3214938
3214988
3215100
3215372
3215847
3216032
3216095
3216587
3217221
3217450
3217621
3219009
3219217
3219760
3220101
3220145
3220247
3221326
3221367
3221512
3221663
3221787
3221879
3222059
3222222
3222837
3222966
3224981
3226387
3226456
3226737
3227011
3227434
3227570
3227581
3228090
3228448
3229259
3229349
3229417
3229993
3230801
3231336
3231492
3231528
3231632
3232010
3232331
3233146
3233566
3233846
3234282
3234560
3234881
3235388
3238246
3238412
3238863
3239492
3239718
3239738
3239761
3239975
3240066
3240182
3240638
3240788
3241401
3241406
3241762
3241845
3242171
3242265
3242318
3242405
3242615
3243133
3243219
3243626
3243919
3243960
3244193
3244526
3245606
3245725
3245765
3245792
3246799
3247069
3247439
3247448
3247663
3247802
3248646
3248677
3249168
3249271
3249833
3250457
3250822
3250895
3251337
3251757
3252023
3252295
3252810
3253225
3253742
3253810
3254252
3254278
3254738
3254981
3255026
3255125
3255165
3255310
3255351
3256126
3256215
3256333
3256472
3256501
3256831
3256854
3256958
3257661
3258088
3258347
3258531
3258749
3259741
3259820
3260528
3260555
3260619
3260816
3260826
3260846
3260999
3261132
3261214
3261781
3261783
3261830
3262111
3262756
3263116
3263224
3263278
3263768
3264249
3264442
3264488
3264802
3264831
3264849
3265279
3265332
3265516
3265594
3266956
3267091
3267319
3267494
3267766
3267783
3267855
3268386
3268401
3269112
3269328
3269404
3269602
3269762
3269873
3270313
3270658
3271032
3271046
3271259
3271389
3271670
3271796
3272535
3272765
3273075
3273452
3274459
3274602
3274960
3275391
3275408
3275715
3276301
3276499
3276716
3277192
3277263
3277291
3277418
3278550
3278653
3279493
3279517
3279672
3280149
3280445
3280751
3281153
3281592
3282044
3282136
3282536
3283476
3284092
3284151
3284757
3286384
3286660
3287493
3287495
3287532
3288478
3289473
3290340
3290654
3290853
3290991
3291727
3291812
3291996
3292064
3292447
3292614
3292647
3292800
3292953
3293110
3293394
3293632
3294194
3294401
3294531
3294557
3294783
3295006
3295789
3295998
3296120
3297142
3297472
3297574
3297973
3299772
3299775
3299817
3299958
3300090
3300106
3300302
3300706
3300749
3300781
3300951
3301239
3301519
3301788
3301885
3301976
3302052
3302644
3303345
3303405
3303419
3303552
3303630
3303693
3303786
3303847
3303964
3304087
3304231
3305027
3305175
3305623
3305661
3305663
3305970
3306580
3306677
3307005
3307648
3308124
3308229
3308903
3308994
3309591
3310248
3310314
3310345
3310415
3310769
3310860
3311614
3313583
3313636
3314332
3314355
3314644
3314774
3314998
3315374
3315380
3315597
3315702
3315792
3315926
3315957
3316033
3317104
3317383
3317426
3317708
3317921
3318458
3319241
3320095
3320217
3320573
3320759
3321332
3322401
3323020
3323136
3323172
3323517
3323923
3324371
3324888
3325523
3325915
3326181
3326462
3326922
3327095
3327173
3327644
3327881
3328583
3328625
3328738
3328797
3328930
3329021
3329340
3329401
3330847
3331503
3331766
3331862
3332119
3332265
3332419
3332583
3332821
3332889
3334054
3335146
3335152
3335397
3335456
3335558
3335836
3335870
3335892
3336676
3338298
3338753
3338933
3339445
3339741
3339958
3340480
3340782
3341048
3341134
3341216
3341433
3341947
3342116
3342140
3342890
3343012
3343198
3343475
3343793
3344099
3344152
3345814
3346173
3346969
3347257
3347309
3348711
3348992
3349102
3349518
3349787
3350053
3350194
3350498
3350923
3351101
3351862
3352252
3352699
3352863
3353259
3353986
3354479
3354498
3354690
3354732
3355020
3355158
3355256
3355450
3355732
3356163
3356307
3356350
3356522
3356607
3356997
3357161
3357785
3358365
3358474
3358729
3358782
3358938
3358969
3359597
3359616
3359624
3359645
3359830
3360520
3360548
3361714
3362169
3362531
3362919
3362956
3363352
3363383
3363578
3363636
3364080
3364540
3364548
3364726
3364774
3364782
3364930
3365237
3365311
3365710
3365720
3366001
3366349
3366538
3366990
3367148
3368096
3368232
3368457
3369046
3369192
3370823
3370936
3371005
3371038
3371560
3372070
3372481
3372534
3372644
3372722
3372734
3372769
3372868
3373155
3373643
3373751
3373918
3373922
3374063
3374432
3374923
3374997
3375307
3375713
3376691
3377334
3377824
3377896
3377954
3378103
3378127
3378436
3378955
3378972
3379263
3379555
3379596
3379670
3380054
3380071
3380109
3380675
3381638
3381935
3381999
3382108
3382529
3383012
3383109
3383178
3383483
3383548
3383682
3384264
3384623
3384767
3385975
3386630
3387405
3387405
3387484
3387791
3387795
3388133
3388383
3388420
3388723
3388804
3389322
3389869
3389924
3390392
3390436
3390566
3390727
3390978
3391658
3391682
3392564
3393334
3393547
3394041
3394079
3394103
3394281
3394558
3394643
3395431
3395617
3395773
3396263
3396817
3397574
3397720
3397823
3398012
3398583
3399013
3399574
3399749
3400469
3400615
3400928
3401121
3401441
3401771
3402124
3402196
3402795
3402818
3402963
3403488
3403639
3404693
3405265
3405588
3405621
3405635
3405771
3405956
3405997
3406268
3406519
3407064
3407639
3408671
3408785
3408849
3408900
3408976
3409323
3409701
3409731
3409788
3409938
3409962
3410047
3410236
3410322
3410391
3410501
3410567
3411861
3411983
3412472
3412642
3412674
3412692
3413689
3414034
3414158
3414560
3414967
3415223
3415279
3415398
3415482
3415980
3416182
3416691
3416885
3416904
3417470
3417588
3417777
3417876
3417951
3418307
3418368
3418459
3420110
3420311
3420561
3420565
3420869
3421384
3421576
3421581
3421679
3422134
3422524
3422791
3423431
3424171
3424253
3424381
3424973
3425092
3426164
3426457
3426817
3426876
3426943
3428151
3428750
3428884
3428986
3429530
3429781
3429980
3431296
3431332
3431670
3432209
3432299
3432713
3433325
3433347
3433505
3433629
3433675
3434137
3434148
3434491
3434765
3435252
3435397
3435677
3436243
3436562
3437182
3437197
3437831
3438313
3440163
3440238
3440397
3440791
3441021
3442078
3442521
3442533
3442782
3443049
3443554
3443762
3443937
3444102
3444395
3445427
3445842
3445863
3446186
3446213
3446338
3446878
3447154
3447663
3448111
3449067
3449202
3449876
3449956
3449978
3450331
3451621
3452237
3452838
3453062
3453211
3453311
3453643
3455303
3455754
3456081
3456303
3456370
