3451389
3450349
3448144
3446316
3446177
3440817
3439444
3438320
3432859
3432456
3428510
3428207
3427367
3426263
3421305
3421246
3418401
3414813
3408830
3406596
3396851
3392323
3389753
3385793
3366992
3365937
3362406
3361125
3347302
3347261
3344640
3343298
3339355
3338765
3322455
3320053
3319274
3319008
3318062
3317819
3306879
3301248
3294778
3290014
3282807
3279321
3278095
3276663
3268416
3266016
3261064
3259398
3253162
3249351
3239349
3238509
3231276
3230704
3230460
3223835
3222366
3221928
3220011
3219325
3217690
3215918
3214861
3214011
3205957
3204010
3199094
3198328
3196881
3190115
3188481
3177346
3175992
3175158
3172338
3168842
3167062
3166030
3157062
3149355
3147161
3145578
3143017
3141573
3140119
3127871
3123386
3121850
3109548
3106317
3104111
3097208
3094496
3094144
3094019
3092947
3090430
3086875
3085808
3084440
3076731
3076059
3074064
3064679
3060961
3050681
3047059
3044229
3042688
3041240
3039536
3038317
3037285
3035159
3034936
3034203
3032904
3031932
3027022
3026950
3024397
3018241
3013767
3012870
3009781
3004647
3000280
2995294
2990369
2986445
2981634
2980399
2971022
2967428
2966008
2963683
2963664
2961267
2959891
2957281
2953617
2953518
2943891
2940945
2940138
2937451
2934034
2933102
2930361
2926816
2923622
2921428
2919636
2918521
2912631
2910155
2909297
2899372
2896966
2895168
2891957
2891183
2886307
2880439
2880199
2874861
2869508
2869005
2867465
2862709
2860728
2857086
2855740
2848380
2842162
2839448
2830247
2829733
2827278
2824768
2818775
2813293
2813232
2812207
2800349
2798649
2781942
2781711
2774736
2772964
2768038
2767819
2763348
2759569
2758050
2751589
2748643
2748549
2744888
2743943
2738304
2732470
2728861
2723671
2721138
2719741
2714689
2712767
2709477
2707924
2703047
2703014
2702491
2702437
2701685
2697260
2696587
2691789
2688866
2687785
2680508
2674107
2672394
2664337
2663963
2661790
2661237
2658258
2657660
2645573
2644896
2639417
2636314
2635026
2634280
2633281
2632049
2631683
2630676
2628598
2627133
2625447
2624829
2615203
2612399
2611759
2607807
2607484
2604402
2603959
2602770
2597596
2596534
2587992
2576023
2570117
2556134
2544203
2542453
2538726
2534165
2525784
2513789
2513258
2512067
2511635
2507729
2500075
2495163
2493549
2493541
2485239
2479100
2478005
2474976
2474701
2470569
2467215
2465680
2465356
2459401
2453674
2450420
2442098
2438381
2437286
2434567
2431770
2418878
2418433
2418272
2413457
2413281
2410839
2410738
2410152
2408862
2406086
2405592
2405493
2402697
2397865
2389026
2388858
2386733
2385844
2379480
2373791
2362118
2357240
2356337
2355739
2355280
2352194
2351318
2340264
2337672
2337197
2334078
2333993
2332996
2332975
2331807
2331424
2328213
2324845
2320072
2313536
2305956
2305596
2298601
2294737
2293638
2284509
2281871
2275455
2274823
2271840
2268757
2263053
2258700
2254963
2250147
2249657
2247938
2240417
2240104
2239276
2237747
2236955
2231922
2230386
2228963
2223337
2217972
2217891
2216601
2211808
2208150
2207362
2207337
2207147
2205483
2201595
2196803
2194540
2193725
2193664
2192141
2182706
2182402
2178556
2176479
2174623
2173903
2172764
2171332
2168157
2167176
2152283
2122004
2120456
2115317
2113757
2109772
2108849
2106352
2103913
2103369
2099979
2099975
2097733
2092954
2072914
2067816
2055245
2053768
2048587
2040145
2035351
2035058
2033425
2030454
2025989
2024713
2023327
2022359
2020593
2014596
2012329
2008225
2005368
2005237
2005204
1998715
1997639
1997513
1988638
1987001
1974786
1967144
1964226
1963567
1963315
1952039
1950629
1944912
1943384
1941336
1938048
1931690
1927822
1927366
1926056
1922275
1918892
1917111
1909379
1906137
1905652
1904066
1902830
1895444
1893881
1892828
1885399
1885221
1884561
1881114
1879074
1875774
1870225
1866851
1866316
1864827
1861399
1854625
1852517
1848578
1845929
1845529
1834954
1831835
1831595
1826235
1822375
1813838
1805042
1803045
1796336
1789660
1789618
1783451
1783017
1773761
1763593
1756897
1754895
1746447
1744570
1735471
1733186
1730788
1716572
1712782
1709671
1703177
1701567
1699427
1697362
1694496
1692018
1691535
1687782
1681509
1680379
1677994
1677700
1675166
1674070
1670703
1659651
1657524
1656244
1655877
1651598
1644508
1640648
1640201
1638977
1635995
1634358
1627991
1613795
1612975
1600720
1599492
1598573
1595603
1591495
1581689
1581369
1581282
1573411
1567154
1562856
1555040
1550650
1547461
1543718
1543197
1535800
1526481
1525343
1520300
1518309
1512081
1511692
1509615
1507953
1503174
1502948
1497442
1485643
1485292
1482625
1482136
1480035
1479822
1474655
1472914
1471706
1469506
1469360
1468024
1466102
1461143
1460340
1456903
1448494
1444840
1443749
1441439
1441388
1435687
1435345
1429405
1423396
1422114
1418125
1416960
1413671
1413049
1406482
1405829
1401010
1399618
1396906
1393567
1391500
1386794
1385652
1377887
1374768
1373776
1371804
1370037
1367931
1360713
1354397
1353771
1345501
1340031
1329963
1328138
1326382
1303636
1303622
1298468
1293413
1262352
1259448
1257417
1252953
1249344
1247278
1246012
1244453
1240940
1239133
1237311
1234645
1229728
1228299
1223490
1211411
1203256
1200499
1200135
1187520
1186219
1186071
1184442
1183090
1180841
1180351
1176512
1176227
1172128
1166756
1154135
1153250
1148563
1148068
1143661
1143436
1139568
1136373
1128249
1126185
1124341
1124212
1119728
1119102
1109026
1105004
1101049
1100245
1099178
1093797
1091641
1075493
1071846
1070930
1069096
1068518
1063602
1060979
1059905
1055292
1047896
1046531
1041472
1036073
1034845
1032874
1029614
1028668
1024272
1024262
1023253
1016429
1012743
1009857
1008154
1003534
1002879
994616
992117
984133
977552
975506
973215
970503
968544
967755
964011
954693
950574
947617
946818
944734
943710
940441
939547
939163
934880
924823
923472
922552
917327
913740
910306
901197
896850
895702
895581
894115
891853
890338
889567
886650
883515
879700
873823
873527
869072
868031
865268
863150
861719
861668
861605
861034
858075
856730
844357
840362
836107
835431
835348
832481
830150
829424
818930
814393
812007
810476
807878
793363
792793
791394
786567
786372
782668
775642
775084
773166
769374
768009
767851
763321
761299
759389
749762
748835
745557
741335
739937
739497
736402
730210
723911
723816
722587
718087
717191
713387
710095
708068
707875
705939
701755
700563
687548
684790
683852
682487
681111
679811
678741
676647
672981
672775
671964
669534
667465
667157
662407
660701
660305
648384
647601
646326
645615
644522
639155
636825
628530
625685
616567
615820
614631
613381
610439
608611
606549
605232
596043
595987
595019
590799
582220
576212
572009
569278
567271
563665
557852
550252
542681
536456
531547
531157
530280
524458
515107
513173
507299
505866
501484
500199
492244
491492
490124
485961
483349
479444
478034
476879
469384
468648
467456
466224
466137
464944
456610
446709
446294
445611
445374
444421
441024
437118
436823
436141
423322
418773
414610
414128
412153
410658
407141
403442
402132
398778
398005
397023
396049
393670
392729
390845
388496
385013
379071
375947
370530
367491
366447
366168
363619
362964
357222
356682
356172
354252
351668
350750
349032
346203
345674
344307
343301
340367
334323
331965
331324
329430
328442
325009
324478
320702
320421
310455
309805
308189
304620
301776
294203
290564
289838
284141
282993
282481
278324
273003
271317
266961
262756
260171
257283
249732
244699
239649
233129
232789
231662
230756
201138
199021
197466
195783
194323
193675
192582
190196
177776
176658
174230
168720
165738
162559
162078
149189
144935
144521
142086
141568
141152
140761
134386
130505
125541
117171
116360
115396
110558
110438
104634
102507
95467
90003
89364
87834
87207
86671
85902
85214
84395
78688
78157
69023
64452
59359
50104
46902
46345
44206
43198
42105
42001
40499
38082
36799
35725
34950
33177
31004
24309
24065
22788
21051
19939
19842
9209
4993
