3456297
3456256
3456079
3455775
3455282
3455180
3454244
3454195
3454132
3454132
3453989
3453582
3453062
3452872
3452695
3452608
3452380
3451650
3451634
3450958
3450927
3450803
3450633
3450051
3450042
3449789
3449282
3448151
3447818
3447743
3447602
3447555
3447461
3447095
3446670
3445087
3445037
3444887
3444462
3444401
3444210
3443047
3442936
3442760
3442364
3442334
3442283
3441669
3441604
3441270
3441199
3441017
3440693
3440599
3440575
3440316
3440305
3439682
3439297
3438323
3437989
3437714
3437668
3437451
3437388
3437234
3436618
3436138
3435723
3435129
3435120
3435076
3434919
3434733
3433803
3433722
3432311
3431289
3431253
3431198
3430828
3430618
3430565
3430373
3429780
3429757
3429112
3428918
3427981
3427967
3427749
3427551
3427385
3427340
3427288
3427021
3426985
3426861
3426740
3426469
3426286
3426072
3424792
3424470
3423506
3423180
3422237
3421871
3421848
3421785
3421608
3421391
3421071
3420727
3419664
3419492
3419030
3418738
3417788
3417455
3417390
3417196
3416051
3416006
3415692
3415255
3415167
3414355
3414178
3413929
3413878
3413692
3413438
3413193
3413152
3413092
3412959
3412905
3411618
3411533
3411217
3411063
3410964
3410667
3410595
3409978
3409675
3409419
3409240
3408958
3408910
3408287
3408019
3407727
3407461
3406774
3405449
3405092
3404693
3404241
3404085
3403616
3403378
3402912
3402845
3402730
3402519
3401952
3401208
3401143
3400733
3400252
3400149
3399804
3398793
3398778
3398379
3398356
3397616
3397489
3397405
3396785
3396410
3396400
3396310
3395617
3395047
3394315
3394206
3393817
3393746
3392969
3392441
3391963
3391939
3391423
3391020
3390712
3389716
3389710
3389275
3388889
3388850
3388549
3387910
3387744
3387715
3387677
3387365
3386857
3386700
3386036
3385918
3385072
3384887
3384752
3384702
3384239
3384236
3384145
3384031
3383814
3382849
3382524
3382020
3381945
3381916
3381598
3381552
3380919
3380834
3380818
3380211
3379890
3379803
3379687
3379510
3379301
3379293
3379230
3378965
3378290
3378187
3377906
3377074
3376610
3376225
3376218
3376206
3375893
3375853
3375695
3375444
3375241
3375134
3375109
3374011
3373674
3373649
3373308
3373104
3373024
3372785
3372783
3372702
3372585
3372545
3371634
3371404
3370232
3370197
3369276
3369054
3368607
3367849
3367127
3367045
3366882
3366753
3366690
3366284
3364770
3364538
3364212
3364198
3364160
3363836
3363487
3363198
3362920
3362899
3362343
3362251
3362149
3361774
3361560
3361476
3361427
3361067
3360708
3360502
3360028
3359960
3359697
3359604
3359441
3359181
3359028
3358882
3358335
3357441
3357348
3357290
3357216
3355051
3355009
3354953
3354941
3354937
3354861
3354803
3354282
3354111
3353586
3353514
3353273
3353210
3353055
3352053
3352030
3351856
3351586
3351262
3351127
3351039
3350463
3350175
3350030
3349687
3348605
3348362
3348087
3348085
3347517
3347069
3347066
3347013
3346969
3346936
3346758
3346541
3345894
3345613
3345242
3345230
3345224
3344612
3344153
3344001
3343196
3343173
3342905
3342726
3342619
3342607
3341673
3341121
3341105
3341028
3340957
3340878
3340734
3340665
3340652
3340528
3340362
3340005
3339524
3339350
3338769
3338512
3338466
3337975
3337681
3337570
3336562
3336259
3335897
3335823
3335697
3335116
3334786
3334737
3334105
3333956
3333948
3333934
3333439
3333424
3333387
3333364
3332810
3332755
3332588
3332572
3332044
3332021
3331827
3331490
3330840
3330435
3329373
3328574
3328305
3328222
3327974
3327485
3327371
3327124
3326458
3325007
3323611
3322887
3322702
3322643
3322392
3321909
3321715
3321507
3321399
3320046
3319905
3319720
3318959
3318448
3317671
3317323
3317154
3317122
3316997
3316589
3316562
3316554
3316494
3316208
3316181
3316172
3316131
3315625
3315332
3315075
3314928
3314786
3314513
3313968
3313964
3313954
3313484
3313239
3312929
3312712
3312511
3311898
3311861
3311584
3311158
3310595
3309899
3309717
3309659
3309548
3309535
3309427
3309093
3309075
3308792
3308603
3308142
3307895
3307871
3307845
3307740
3307551
3306964
3306963
3306902
3306731
3306668
3306262
3305102
3304568
3304541
3304230
3304213
3303973
3303507
3303131
3302811
3302172
3302133
3301221
3301163
3301115
3301044
3300873
3300813
3300634
3300074
3299767
3299746
3299622
3298515
3297061
3296972
3296610
3296495
3296249
3296226
3296144
3296066
3295559
3295506
3294903
3294727
3294307
3293817
3292874
3292462
3292424
3292373
3292317
3292015
3291303
3290998
3290429
3290380
3290287
3289857
3288878
3288691
3288581
3288235
3287203
3286876
3286843
3286726
3286491
3286178
3286169
3285738
3285487
3285127
3284685
3284680
3283946
3283641
3283412
3283354
3282684
3282671
3282399
3282220
3282097
3281993
3281843
3281066
3280383
3280157
3278576
3277992
3277840
3277666
3277299
3277109
3276958
3276892
3276022
3275883
3274868
3274807
3274717
3274453
3274034
3273972
3273778
3273763
3273559
3273553
3273548
3273538
3273168
3273152
3273024
3272542
3272535
3272445
3272057
3271994
3271915
3270960
3270946
3270496
3270470
3270322
3270138
3269830
3269377
3268915
3268534
3268516
3268432
3268181
3267955
3267848
3267631
3267571
3266770
3266726
3266701
3266510
3266104
3266104
3265856
3265720
3265434
3264718
3264670
3264640
3264621
3264608
3264600
3264256
3264115
3264079
3263368
3263164
3263118
3263052
3263014
3262519
3262237
3261967
3261671
3261429
3261087
3260290
3259940
3259173
3258970
3258957
3258887
3258829
3258736
3257800
3257636
3257629
3257581
3256814
3256686
3256502
3256303
3256156
3255891
3255865
3254305
3253504
3253381
3252769
3251846
3251221
3251110
3250695
3250378
3250296
3250156
3249903
3249839
3249657
3249495
3248964
3248957
3248633
3248477
3247963
3247828
3247760
3247131
3246794
3246387
3246147
3245808
3245636
3245049
3245032
3244936
3244211
3243795
3243649
3242108
3240709
3240689
3240103
3240027
3239996
3238435
3238247
3238084
3236660
3236478
3235642
3235541
3235329
3235170
3235108
3234720
3233477
3233241
3231278
3230809
3230679
3230491
3230208
3229055
3228895
3228590
3228579
3228547
3228208
3228086
3227318
3227239
3226500
3225895
3225753
3224973
3224496
3224291
3224279
3224226
3224072
3223774
3223400
3223307
3223294
3223140
3222352
3221888
3221415
3221309
3221006
3220714
3220443
3220046
3219094
3218785
3218185
3217961
3217736
3217693
3217674
3217624
3217618
3216971
3216582
3216499
3215788
3214861
3214689
3213848
3213499
3212172
3212122
3211925
3211786
3211469
3210369
3209345
3209043
3209017
3208936
3208602
3208559
3208460
3208240
3208040
3207343
3207331
3207284
3206748
3206563
3206139
3205643
3205225
3205074
3205034
3204471
3204452
3204087
3203663
3203378
3202895
3202894
3202154
3202040
3201734
3201549
3201537
3201208
3200846
3200647
3200301
3200238
3200113
3199849
3199808
3199180
3198662
3198312
3198194
3197899
3197818
3196737
3195956
3195897
3195362
3194988
3194896
3194818
3194390
3193999
3193986
3193416
3193215
3193129
3193120
3192899
3192881
3192695
3192637
3191362
3190672
3190527
3190054
3189117
3188044
3187157
3186405
3186299
3186046
3185471
3185403
3185030
3184742
3184259
3184233
3183995
3183957
3183163
3182964
3182020
3181977
3180677
3180590
3180481
3179959
3178900
3178739
3178373
3177803
3175943
3175144
3175121
3174887
3174212
3174190
3173737
3173197
3172816
3171670
3171649
3171575
3171252
3169769
3169334
3169026
3168703
3167877
3167814
3167778
3167577
3167494
3167377
3166729
3166446
3166442
3166403
3166190
3166170
3165226
3165160
3165015
3164855
3164158
3164008
3163853
3163813
3163374
3163241
3162398
3162386
3162380
3161637
3160697
3160397
3160245
3160229
3158884
3158422
3156952
3156914
3156668
3156117
3155231
3153773
3153562
3153346
3153107
3152596
3152448
3151536
3151049
3150693
3150557
3150344
3149885
3149108
3149036
3148895
3147800
3147468
3147223
3146856
3146444
3146100
3145245
3145214
3144856
3144460
3144384
3144292
3144240
3144238
3143685
3143483
3143177
3143140
3143111
3142855
3142726
3142571
3142178
3141945
3141459
3141211
3141096
3140842
3140701
3140525
3139570
3138975
3138866
3138719
3137731
3137472
3137456
3135688
3135060
3134831
3134789
3134653
3134492
3134320
3133337
3133120
3133000
3132850
3132822
3132813
3132032
3131692
3131568
3131219
3131055
3130360
3129853
3129788
3129575
3128151
3127586
3127541
3127216
3127011
3126803
3126492
3126067
3125756
3124710
3124180
3123940
3123652
3123391
3122849
3122683
3122365
3121900
3121779
3121644
3121520
3120801
3120761
3120427
3120007
3119875
3119247
3118127
3118029
3118000
3117997
3117862
3117688
3117473
3117261
3116989
3116597
3116337
3116211
3116139
3115884
3115724
3115239
3115123
3115004
3113247
3112735
3112634
3112240
3112028
3111864
3111631
3111449
3110032
3110030
3109862
3109813
3109619
3108861
3108764
3108404
3108295
3108035
3108024
3107707
3107581
3107439
3107148
3106250
3105682
3105660
3105336
3105048
3104727
3104614
3104270
3104045
3103971
3103866
3103835
3103737
3103313
3103229
3102703
3102568
3102189
3102183
3102044
3101165
3100784
3100776
3100678
3100497
3100491
3100352
3099665
3099209
3098849
3098500
3097843
3097597
3097024
3096758
3096701
3096592
3096564
3096274
3095604
3095561
3095392
3094516
3094268
3093722
3093589
3092964
3091912
3091205
3091157
3090987
3090468
3090337
3089237
3089074
3088717
3088708
3088557
3088270
3087461
3087274
3087124
3086796
3086258
3084326
3084263
3084131
3084113
3084079
3083747
3083392
3082962
3082783
3082643
3082390
3082278
3082121
3081993
3081820
3081805
3081594
3081144
3080964
3080885
3080840
3080623
3080518
3080475
3080408
3080308
3080166
3080106
3079971
3079774
3079453
3079297
3078944
3078061
3077841
3077233
3077037
3076953
3076397
3075591
3075035
3074651
3073386
3072733
3072370
3072229
3072093
3072038
3071668
3071316
3071167
3070867
3070648
3070356
3070324
3070305
3070032
3069588
3069556
3069153
3068952
3068861
3068382
3067438
3067263
3066513
3066146
3065972
3065902
3065206
3065065
3064528
3064393
3063719
3062596
3062427
3062202
3061752
3061607
3061576
3061433
3061149
3060869
3060836
3060575
3059608
3059603
3059279
3059150
3058030
3057855
3057849
3057295
3057289
3057163
3057131
3057122
3056800
3056682
3056594
3056022
3055782
3055307
3055259
3055039
3054668
3053741
3053562
3053504
3053498
3053496
3050250
3049827
3049509
3049363
3049164
3049112
3048415
3048023
3047911
3047751
3047736
3047634
3047498
3047454
3047102
3046836
3046580
3046190
3046156
3045454
3045055
3044462
3043743
3043736
3043711
3043419
3043187
3043116
3043071
3042279
3042023
3041903
3041845
3041711
3041407
3041308
3041154
3041041
3040778
3040502
3039221
3038942
3038249
3037375
3036877
3036800
3036500
3036168
3035862
3035698
3035648
3035317
3035304
3034912
3034573
3034406
3034300
3034278
3034252
3033409
3033300
3033190
3032806
3031722
3030668
3030256
3029792
3029071
3028536
3028395
3027888
3027418
3027003
3026984
3026959
3026579
3026422
3026370
3026221
3025519
3025285
3025138
3023346
3023193
3023011
3022847
3022772
3022726
3022517
3020667
3020593
3020574
3019640
3019631
3019563
3019038
3018810
3018557
3018445
3017929
3017556
3017119
3017057
3016661
3016156
3015399
3015268
3015174
3015037
3015005
3014557
3014546
3014505
3014245
3013503
3013465
3013192
3013076
3013006
3012708
3012096
3011499
3011181
3010785
3010150
3009211
3008898
3008885
3008342
3008302
3007645
3007557
3006576
3006036
3005959
3005673
3005072
3004720
3004233
3004228
3004022
3003501
3003216
3002750
3002749
3002546
3002074
3000063
2999239
2998011
2998000
2997797
2997601
2997494
2997371
2997194
2997118
2996953
2996829
2996824
2996478
2996386
2996046
2995449
2994981
2994924
2994704
2994621
2994499
2994210
2994013
2993659
2993548
2993544
2993164
2992622
2992516
2992485
2992252
2992227
2991464
2991205
2991142
2990520
2990482
2990148
2989312
2989144
2988337
2988249
2988081
2987148
2987037
2987003
2986229
2986208
2985834
2985709
2984517
2984085
2983987
2982103
2981960
2981575
2980617
2980347
2980191
2979185
2978991
2978870
2978700
2978697
2978575
2977812
2977669
2976644
2976457
2976341
2975326
2975156
2975068
2975048
2975036
2974918
2974655
2974308
2973675
2973155
2973026
2972672
2972603
2972082
2972057
2971243
2970694
2970353
2968943
2967440
2966983
2966355
2965291
2965212
2965188
2964575
2964025
2963992
2963295
2962876
2962527
2962473
2962403
2962330
2962218
2962174
2962171
2961765
2961439
2961321
2960944
2960246
2959289
2959272
2958784
2956919
2956730
2956216
2955191
2954941
2954433
2954375
2953783
2953507
2953472
2953268
2953121
2952710
2952148
2952032
2951814
2951553
2951520
2951262
2950593
2950480
2950370
2950106
2949913
2949687
2949447
2949209
2949142
2948990
2948816
2948539
2948405
2947023
2946999
2946817
2946740
2946539
2946129
2945416
2945098
2945004
2944274
2944271
2943841
2943448
2942840
2942741
2942663
2942417
2942383
2942362
2941815
2941744
2941600
2941589
2941467
2941292
2939612
2939365
2939292
2939280
2939066
2937928
2937564
2937195
2936773
2936658
2936388
2936369
2935778
2935716
2935596
2935580
2935386
2934688
2934050
2933649
2932520
2932210
2931932
2931668
2931508
2931066
2930848
2930714
2930459
2930343
2929963
2929756
2929678
2929402
2928743
2928477
2928455
2928325
2928112
2927894
2927728
2927345
2927305
2927296
2926943
2926584
2926193
2925940
2925858
2925488
2925092
2924558
2924138
2923856
2923466
2923432
2923208
2922201
2921990
2921557
2921226
2921170
2920957
2920586
2919926
2919622
2919359
2919058
2918246
2917812
2917463
2916909
2916775
2916760
2914370
2913675
2913025
2912975
2912782
2912472
2911751
2911566
2911176
2910992
2910669
2910384
2910212
2910190
2910139
2909709
2909328
2909092
2908787
2908362
2908228
2906954
2906659
2906625
2906009
2904033
2903840
2903712
2903337
2903324
2903119
2902955
2902525
2902282
2902142
2901431
2901279
2900743
2900723
2900584
2900360
2899325
2898799
2898023
2897945
2897208
2896610
2896078
2895857
2895670
2895579
2895142
2895091
2894991
2894624
2894253
2894216
2893558
2892694
2892579
2892407
2892156
2891986
2891977
2891547
2891410
2890752
2889161
2887818
2887725
2887447
2887415
2887326
2887104
2886719
2886336
2886266
2886253
2886059
2885774
2885660
2885101
2884871
2884601
2884441
2884383
2884006
2882683
2882672
2880992
2880505
2880370
2879432
2879380
2879250
2878825
2878062
2877759
2877546
2877397
2876449
2875012
2874683
2874639
2874429
2874215
2874002
2873918
2873711
2873641
2873240
2872525
2872119
2872043
2870847
2870243
2870073
2870047
2870029
2869813
2868964
2868749
2868452
2868311
2867841
2867822
2867591
2867584
2867540
2867116
2866920
2866530
2866405
2866299
2865793
2864909
2863905
2863903
2863895
2863744
2863663
2862942
2862151
2861345
2861062
2860423
2860100
2859862
2859608
2859437
2859293
2858833
2858782
2857867
2857550
2857496
2856536
2855704
2855618
2855481
2855437
2855262
2854901
2853848
2852640
2852258
2852099
2851885
2851591
2851339
2850650
2850602
2850222
2849915
2849795
2849664
2849431
2849290
2849175
2848394
2847230
2847070
2846935
2846878
2846461
2846281
2845547
2845042
2844752
2844703
2844219
2844175
2844104
2844060
2843647
2842852
2842757
2842411
2841773
2841186
2840911
2840571
2840117
2839435
2838758
2838623
2838598
2838561
2838056
2837973
2837883
2837759
2837696
2837603
2837542
2837282
2837177
2837042
2836857
2836856
2836676
2836592
2836332
2836039
2835796
2834846
2834256
2834159
2834122
2833954
2833777
2833676
2833111
2832775
2832719
2832213
2831884
2831367
2830947
2830445
2830429
2830423
2830135
2829950
2829603
2829499
2829383
2829068
2828393
2828137
2827865
2827647
2826892
2826879
2826813
2826808
2826341
2825859
2825372
2824920
2824085
2823833
2821611
2821396
2820475
2820437
2819829
2819656
2819445
2819325
2818712
2818041
2817615
2815922
2815327
2815297
2814764
2814314
2814117
2814051
2813764
2813410
2813278
2811725
2811611
2811591
2811497
2811466
2810610
2809930
2809333
2809266
2808931
2808555
2808431
2808361
2808215
2807881
2807879
2807414
2807180
2806676
2806257
2805245
2804083
2803535
2803523
2803268
2802928
2801795
2801761
2801205
2801074
2800423
2799941
2799730
2799719
2799635
2799541
2799300
2798939
2798390
2798137
2798135
2797494
2796763
2796563
2795935
2795698
2795369
2794958
2794836
2794645
2794626
2793952
2793490
2793120
2793068
2792258
2791658
2791203
2791006
2790847
2790313
2790110
2789987
2789782
2789771
2789128
2788514
2787521
2787396
2787254
2787085
2787019
2785779
2785394
2784793
2784620
2784409
2784273
2784131
2783848
2783701
2782976
2782317
2782238
2782163
2781452
2781417
2781370
2781272
2780769
2780453
2780321
2780312
2780089
2779847
2779371
2779051
2778537
2777939
2777644
2777536
2777451
2777190
2777013
2776296
2776124
2775956
2775508
2775487
2775194
2775185
2773628
2773429
2772834
2772034
2771858
2771588
2771416
2771292
2771246
2770950
2770246
2770121
2769991
2769896
2768899
2768326
2767829
2767698
2767377
2767366
2767232
2767120
2766953
2766624
2766052
2763389
2761782
2761735
2761635
2761596
2761581
2760772
2760493
2759655
2759651
2759121
2758709
2758351
2757792
2757379
2757065
2757017
2757014
2756638
2755712
2755486
2754751
2754080
2753932
2753778
2753638
2752179
2752160
2752130
2751752
2751692
2751345
2751192
2751006
2750769
2750769
2750408
2750311
2750300
2750083
2750040
2749847
2749702
2749429
2748815
2748512
2748503
2748208
2747721
2747451
2747210
2746828
2746509
2746126
2745950
2745907
2745268
2745112
2745035
2744655
2744554
2744336
2744234
2743644
2742663
2742348
2741724
2741688
2740803
2740351
2740290
2739266
2736695
2736559
2736478
2735670
2734738
2734676
2733406
2733208
2733062
2733061
2732186
2731260
2730789
2730692
2730622
2730414
2730358
2730301
2730127
2729997
2729669
2729344
2729229
2728868
2728343
2728335
2727434
2727399
2727391
2727352
2727135
2727019
2726535
2726353
2726290
2726133
2724694
2723234
2722925
2722754
2722573
2722021
2721789
2721735
2720982
2720535
2720047
2719903
2719064
2718895
2718827
2718702
2718190
2718124
2718066
2717349
2716918
2715892
2715775
2715524
2715353
2714815
2714083
2713690
2713350
2713209
2712224
2712092
2711550
2710942
2710610
2710305
2710296
2710073
2709551
2709333
2709333
2709245
2709120
2708778
2708534
2708288
2708265
2708004
2708003
2707868
2707584
2707517
2707434
2707358
2707272
2706888
2706583
2706570
2706536
2706221
2705176
2704420
2704253
2703778
2702878
2702561
2702126
2701372
2701126
2700933
2700868
2699560
2699462
2699355
2698679
2697575
2697368
2697208
2697129
2697020
2695780
2695778
2695402
2695306
2695193
2694954
2694852
2694193
2693804
2693256
2693113
2692795
2690849
2690404
2690032
2689558
2689417
2688727
2688301
2688111
2686995
2686265
2685020
2684445
2684101
2683414
2683319
2683254
2683239
2683078
2682906
2682700
2682499
2682342
2682311
2682105
2682104
2681300
2681263
2681237
2680873
2680788
2680751
2680705
2680599
2680115
2679562
2679202
2678898
2678809
2678797
2678585
2678358
2678299
2678188
2677712
2677403
2676817
2675760
2675449
2675303
2674804
2674679
2674089
2673583
2673114
2672855
2672739
2672256
2671990
2671154
2670568
2670510
2670470
2670304
2669585
2669479
2669144
2668975
2668610
2668223
2667866
2666033
2665976
2665401
2664910
2664750
2664232
2663994
2663173
2662724
2662248
2661786
2661696
2660962
2660786
2660137
2659370
2659007
2658523
2658398
2658015
2657047
2656371
2655856
2655813
2655460
2655303
2655231
2655079
2654940
2654534
2654286
2654263
2653223
2653130
2652214
2652128
2652000
2651011
2651006
2650594
2650570
2650351
2650274
2650090
2649396
2648440
2647492
2647207
2647188
2646874
2646561
2646327
2645662
2645414
2644682
2644582
2643110
2642876
2642849
2642459
2642251
2641356
2641281
2641272
2640617
2640259
2639094
2638932
2638639
2638368
2637859
2637615
2637432
2637303
2637231
2636830
2636766
2636702
2636248
2635908
2635489
2635302
2634959
2633934
2633466
2633210
2632889
2632373
2632186
2632011
2631885
2631380
2631054
2631006
2630594
2630571
2629272
2629175
2629103
2629066
2628237
2628210
2627943
2627635
2627561
2626773
2625981
2625500
2624853
2624852
2624816
2624544
2624240
2624236
2623906
2623284
2621582
2621431
2621103
2620703
2620286
2620275
2620214
2619804
2619670
2619199
2619119
2618941
2618801
2618621
2617894
2617237
2616170
2615740
2615674
2615673
2615103
2614998
2614742
2614277
2614001
2613823
2613735
2613641
2613284
2612981
2612869
2612861
2611892
2611617
2611564
2611353
2610019
2609961
2609319
2609183
2609142
2608059
2607352
2606851
2606844
2605924
2605748
2605414
2605248
2605178
2604741
2603943
2603570
2602917
2602752
2602257
2602013
2601936
2601355
2601178
2600958
2600577
2599579
2599244
2599038
2598463
2597619
2597000
2596986
2596638
2596595
2596444
2596388
2595953
2594539
2594444
2594345
2593637
2593041
2593041
2592739
2592549
2592510
2592233
2591381
2591378
2590524
2590091
2590016
2589723
2589685
2589651
2588653
2588292
2588241
2586006
2585880
2585818
2585339
2584932
2584796
2584785
2584776
2584411
2583429
2583166
2582943
2582593
2581609
2580526
2579189
2579071
2579064
2578947
2578644
2578366
2577715
2577386
2577360
2577013
2576265
2576079
2575757
2575672
2575560
2575164
2574771
2574532
2574286
2574138
2574061
2574049
2573779
2573681
2573654
2573118
2573071
2572495
2572167
2571871
2571671
2571262
2571197
2570315
2570205
2569461
2569267
2569122
2567159
2566973
2566877
2566454
2565430
2565238
2565125
2565078
2564641
2564531
2563820
2562572
2562363
2562344
2562281
2562050
2562002
2561108
2561074
2560967
2560822
2560406
2559649
2558896
2558540
2557985
2556968
2556288
2555665
2555428
2554935
2554358
2554125
2553241
2552993
2552864
2552751
2552563
2552009
2552005
2551351
2550449
2550120
2550103
2550066
2549917
2549850
2549448
2549170
2549158
2549064
2548736
2548449
2548327
2548308
2547884
2546963
2546960
2546504
2546287
2545925
2545901
2545560
2545373
2545274
2544843
2544833
2544603
2544426
2543948
2543220
2543084
2543003
2542106
2541753
2541277
2541063
2540728
2540225
2539493
2539360
2538778
2538584
2538501
2538093
2536607
2535580
2533073
2533006
2533003
2532649
2532510
2531843
2531838
2531819
2531514
2530967
2530941
2530829
2530777
2530729
2530446
2529858
2529077
2528603
2528598
2527541
2527320
2526491
2526346
2526291
2526039
2525614
2524200
2523604
2523194
2522589
2522427
2521967
2521708
2521285
2520368
2520247
2520068
2519037
2518945
2518923
2518492
2518176
2517802
2517739
2517475
2517349
2515878
2515758
2515640
2515560
2515471
2515427
2515395
2515067
2514933
2514646
2513050
2512668
2511549
2510338
2510179
2510177
2510034
2509936
2509826
2509654
2509569
2509520
2509149
2508663
2508428
2507995
2507433
2506866
2506866
2506228
2505133
2505027
2504449
2504393
2504228
2502925
2502651
2502584
2502037
2501875
2501861
2501791
2501221
2500732
2500660
2500113
2499514
2499362
2499105
2498808
2498651
2498469
2498459
2498441
2498368
2498341
2498107
2498029
2497942
2497771
2497479
2497473
2497100
2497036
2496419
2495617
2495528
2495479
2494765
2494116
2493770
2493414
2492205
2491722
2491555
2491413
2491394
2491201
2490856
2490459
2490155
2489004
2488443
2488260
2488084
2487505
2485701
2485147
2484916
2484895
2483902
2483708
2483181
2483064
2483056
2481952
2481274
2480758
2480445
2480171
2479949
2479298
2478865
2478365
2477715
2477373
2477078
2477034
2477012
2476558
2475869
2475496
2475350
2474367
2474305
2473486
2473169
2473036
2471624
2471574
2471381
2470774
2470698
2470072
2469830
2469607
2469176
2468833
2468725
2468546
2468109
2467874
2467849
2467595
2466737
2466435
2466415
2466274
2466201
2465796
2465611
2465469
2465287
2465157
2465126
2465010
2464873
2464859
2464821
2464569
2464350
2464007
2463526
2462979
2462884
2462545
2462217
2462177
2462040
2460380
2459980
2459713
2459629
2459159
2458973
2458906
2458579
2456443
2456076
2455933
2455256
2455227
2454264
2453808
2453110
2453011
2452894
2452331
2452229
2452207
2452097
2451983
2451947
2451928
2451760
2451440
2451123
2451034
2450862
2449979
2449741
2449627
2449043
2449011
2448947
2448744
2448440
2448056
2446795
2445913
2445149
2444758
2444491
2444405
2443141
2442694
2442566
2442109
2441848
2441674
2441242
2441198
2440861
2440591
2440450
2439102
2437989
2437958
2437865
2437647
2437058
2436973
2436957
2436837
2436616
2435980
2435913
2435251
2434870
2434646
2433899
2433823
2433284
2433244
2432768
2432321
2432245
2432077
2431633
2431200
2431063
2430876
2430872
2430787
2430687
2430199
2430069
2429932
2429831
2429759
2429658
2429539
2429481
2429215
2429199
2428907
2428515
2428456
2426693
2425730
2425383
2425052
2425042
2424303
2423931
2423688
2423167
2422877
2422686
2422655
2422543
2422331
2422239
2422104
2421324
2420627
2420418
2420361
2419575
2419365
2418922
2418145
2417913
2417666
2417612
2415849
2415848
2415771
2415409
2415344
2415058
2414792
2414736
2414721
2414689
2414374
2413724
2413460
2413198
2413176
2413149
2413141
2413118
2413077
2412119
2412033
2411994
2411635
2411535
2411327
2410695
2410596
2410376
2410349
2410212
2410065
2410029
2409714
2409684
2409659
2409566
2409508
2409343
2409187
2409056
2408883
2408661
2408360
2407918
2407335
2406522
2406215
2406172
2405885
2405296
2404896
2404517
2404086
2403728
2403442
2403395
2403297
2403129
2402555
2402415
2402138
2400759
2400232
2399958
2399865
2399776
2399692
2399621
2399529
2399135
2398193
2398186
2397949
2397865
2397773
2397618
2397404
2396025
2394914
2394578
2394266
2394126
2394015
2393717
2393475
2393282
2393243
2391133
2391109
2390772
2390622
2390582
2390511
2389915
2389906
2389309
2388677
2388532
2387389
2387031
2387005
2386807
2385938
2385387
2384946
2384773
2383406
2382742
2382684
2382635
2382239
2381975
2381933
2381298
2380628
2380386
2380369
2379010
2378843
2378595
2378560
2378362
2378029
2376686
2376593
2376055
2375794
2375252
2374902
2374559
2374099
2374084
2373440
2372402
2371744
2370654
2370394
2370326
2370049
2369653
2369640
2369497
2368978
2368603
2367131
2366581
2365536
2365008
2364951
2364804
2364663
2364641
2364412
2364265
2363569
2362395
2361226
2360975
2360074
2358884
2358840
2358531
2358423
2358204
2357717
2357710
2357696
2357566
2357068
2356822
2356794
2356250
2356138
2355455
2355304
2354812
2354671
2354125
2353458
2353022
2353019
2352194
2352149
2351242
2350886
2350706
2350623
2350460
2350272
2349176
2349110
2348544
2348531
2348175
2348149
2346700
2345960
2345848
2345206
2345143
2345010
2344798
2344478
2344380
2344140
2344012
2343934
2343788
2343741
2343644
2343514
2343064
2342823
2342646
2342000
2340752
2340717
2340649
2340604
2340536
2339215
2338680
2338381
2336636
2336100
2336092
2335857
2335567
2333351
2333339
2333130
2333064
2332206
2330633
2329875
2329707
2329224
2328746
2328744
2328467
2328078
2328022
2327338
2327019
2326741
2325498
2325157
2325033
2324798
2323961
2323701
2323573
2323506
2323342
2322778
2322715
2322698
2321970
2321784
2321386
2321375
2321372
2321343
2321276
2320134
2319657
2319013
2318114
2318029
2317451
2317048
2316124
2315917
2315598
2315096
2314989
2314818
2314811
2314281
2314036
2313538
2312833
2312372
2311577
2310195
2309626
2309124
2309038
2308694
2308634
2308610
2308113
2307963
2307450
2307128
2306842
2306236
2306226
2305447
2305177
2303894
2303789
2303132
2302353
2301645
2301616
2301452
2301394
2301338
2301321
2301081
2300720
2300706
2300508
2300234
2300087
2299884
2299819
2299541
2299194
2299047
2298983
2298589
2298546
2297549
2297295
2297184
2297138
2297062
2296663
2296198
2295588
2295457
2294665
2294609
2294601
2293850
2293727
2293409
2293179
2292797
2292728
2292038
2291923
2291851
2291068
2291052
2290899
2290875
2290810
2290763
2290064
2289912
2289557
2288634
2288616
2288308
2288161
2288000
2287717
2287701
2287701
2287243
2286334
2286071
2285970
2285112
2284942
2283600
2283540
2283405
2283126
2282288
2281435
2281378
2281253
2281044
2281037
2280376
2279539
2278909
2278385
2278286
2278221
2278062
2277411
2276902
2276476
2276006
2275263
2275147
2274729
2274599
2273980
2273377
2273352
2272548
2272486
2272376
2272183
2271869
2271856
2271557
2270874
2270739
2270416
2270274
2270071
2269693
2269235
2269047
2268884
2268329
2268287
2268012
2267889
2267632
2267531
2267238
2266784
2266617
2265644
2265624
2265466
2265383
2265064
2264444
2264320
2263825
2263641
2263458
2263008
2262681
2262462
2262168
2261556
2260923
2260590
2259809
2259522
2259094
2259078
2257254
2256312
2256252
2255529
2255434
2255301
2255264
2255082
2255072
2254755
2254083
2253461
2253104
2253083
2252518
2251845
2251251
2251015
2250711
2250670
2250616
2250528
2250433
2250376
2250321
2250299
2249738
2249711
2249333
2248919
2248682
2247701
2247626
2247412
2247335
2247050
2247001
2246987
2246614
2246541
2246357
2246347
2246203
2246160
2245431
2245359
2245255
2244644
2243961
2242963
2242689
2242676
2242669
2242344
2242154
2242151
2242132
2241911
2241691
2241588
2241568
2241563
2241284
2241064
2240988
2239940
2239841
2239361
2239046
2238822
2238714
2238654
2237782
2237569
2237439
2237013
2236880
2236876
2236631
2236595
2235574
2235151
2235130
2234614
2234513
2234418
2234235
2233807
2233127
2233043
2232561
2232026
2231790
2231749
2231532
2231520
2231453
2231331
2230753
2230057
2229687
2229463
2229268
2228865
2228460
2228400
2227983
2227879
2227753
2227738
2226548
2226399
2226388
2226212
2225619
2225497
2224687
2224383
2223885
2223243
2223009
2222808
2222736
2221903
2221751
2220679
2220522
2220272
2220226
2220226
2219514
2219163
2218922
2218885
2218837
2218212
2218169
2217688
2217674
2216781
2216735
2216605
2216466
2216020
2215780
2215773
2215431
2214695
2214589
2214390
2214130
2213881
2213172
2213031
2211401
2210475
2210362
2210284
2210214
2210091
2209520
2209080
2208870
2208426
2208353
2208306
2207814
2207739
2206699
2206573
2205785
2205712
2205134
2204514
2204244
2203820
2202179
2202102
2201139
2200901
2200533
2200069
2199717
2199589
2198829
2198004
2197765
2197517
2196944
2196626
2195790
2195257
2194602
2194390
2194388
2194133
2194048
2193484
2193393
2193151
2192947
2192872
2192838
2192676
2192009
2191857
2191775
2191387
2190712
2190647
2189684
2189413
2189398
2188992
2187770
2187671
2187666
2187651
2187589
2187514
2187422
2186739
2186633
2185486
2185258
2185101
2184939
2184327
2184222
2184139
2183848
2183406
2183104
2183035
2182858
2182487
2181273
2180661
2180490
2180457
2180337
2180046
2179330
2179270
2179171
2179139
2179117
2178473
2178311
2178166
2178112
2177719
2177160
2176878
2176772
2175987
2174427
2174241
2173054
2172962
2172232
2172183
2171736
2171722
2171407
2171274
2171271
2170761
2170300
2170185
2169909
2169711
2168766
2168656
2168578
2168331
2167983
2167493
2167447
2166774
2166755
2166535
2165813
2165524
2165495
2165261
2164114
2164054
2163615
2163147
2162212
2162125
2161474
2160768
2160542
2160529
2160508
2160462
2160403
2160402
2160355
2160230
2159948
2159557
2159017
2158589
2158579
2158441
2158067
2157629
2157134
2156860
2156796
2156333
2156214
2155897
2155392
2155341
2154721
2154296
2153339
2153278
2153124
2152742
2152727
2152240
2151749
2150735
2149129
2148673
2148360
2147401
2147362
2147293
2147252
2147025
2146250
2145715
2145503
2145345
2145236
2145045
2144842
2144098
2143953
2143928
2143890
2143758
2143230
2143012
2142690
2142521
2142399
2142366
2141798
2141197
2140920
2140913
2140882
2140429
2140378
2140254
2139783
2139399
2139326
2139143
2138598
2138598
2138467
2137623
2137612
2137041
2136106
2135108
2134953
2133504
2133494
2133327
2132379
2131556
2131389
2131191
2130714
2130626
2130418
2130273
2130130
2129871
2129596
2128827
2128560
2128013
2127461
2127069
2126261
2126098
2125824
2125418
2125216
2125108
2124636
2124222
2124064
2123668
2123582
2123375
2123342
2123332
2123328
2123268
2123141
2122968
2122807
2122514
2122488
2122403
2122334
2121966
2121956
2121022
2120726
2120623
2120169
2119712
2119149
2119121
2118790
2118721
2118187
2117654
2117542
2117514
2117498
2117429
2116721
2116160
2116110
2115976
2115723
2115144
2115080
2114988
2114712
2114642
2114467
2114269
2113909
2113799
2113123
2113008
2112978
2112609
2112071
2111953
2111736
2111191
2111166
2110336
2110196
2109986
2109984
2109957
2109732
2109590
2109454
2109310
2109295
2109054
2108785
2108642
2108503
2108395
2108247
2108007
2107725
2107721
2107328
2107099
2106682
2106646
2106358
2106013
2105136
2104866
2104802
2104677
2103606
2103050
2102438
2102262
2102030
2101108
2100872
2100739
2100079
2099961
2099145
2098294
2098293
2098013
2097447
2097359
2096260
2095701
2095348
2094616
2094352
2094230
2093057
2092399
2092324
2092280
2092139
2091910
2091689
2091353
2091241
2090934
2090602
2090290
2089796
2089621
2089455
2089384
2089281
2088975
2088899
2088830
2088704
2088401
2088382
2088297
2088250
2088217
2088077
2087112
2087084
2087050
2086807
2086560
2086161
2086153
2085973
2085893
2085423
2084722
2084432
2083930
2083303
2083111
2083003
2082682
2082437
2082150
2082058
2081761
2081434
2081057
2080812
2080293
2079518
2079312
2079066
2078785
2078705
2078519
2078036
2077514
2077328
2077127
2076666
2076392
2076318
2076233
2075868
2075727
2075683
2075606
2075507
2075383
2075372
2075268
2075212
2074896
2074571
2074409
2074145
2074044
2073885
2073191
2073165
2073048
2072634
2071778
2071572
2071465
2071040
2070872
2070063
2069574
2069506
2069474
2069393
2068917
2068613
2068516
2068264
2068024
2067989
2067752
2066951
2066915
2066473
2066346
2066130
2065418
2065282
2065250
2064528
2063537
2063503
2062981
2062860
2062848
2061425
2060651
2060276
2060235
2060199
2059978
2059914
2059826
2059649
2059387
2059051
2058791
2058452
2057995
2057934
2057543
2056906
2056867
2056821
2056721
2056431
2055709
2055431
2055118
2054624
2054376
2053995
2053911
2053838
2052813
2052439
2052350
2051980
2051482
2051196
2051071
2051069
2050919
2050543
2050282
2050246
2050177
2049941
2049569
2049370
2049208
2047885
2047351
2047285
2046353
2046141
2046057
2046018
2045922
2045206
2045058
2044960
2044046
2043968
2043412
2043249
2042242
2042085
2041784
2041732
2041548
2041473
2041437
2041368
2040771
2040218
2040165
2038896
2038799
2038554
2038457
2037657
2037425
2036954
2036594
2036354
2036208
2036169
2036108
2036092
2035920
2035756
2035664
2035441
2035253
2034295
2033053
2032627
2032047
2031762
2031663
2031264
2030872
2029875
2029556
2029338
2029164
2029079
2028807
2028028
2027614
2027543
2025911
2025200
2025177
2023725
2023652
2023249
2022918
2022745
2021619
2021127
2020680
2020445
2020003
2019768
2019765
2019676
2019583
2019436
2019351
2018144
2017354
2017277
2017271
2017072
2016540
2016066
2016057
2015565
2015192
2014782
2014617
2014615
2014214
2013874
2013730
2013696
2013592
2013537
2013239
2012425
2010992
2010305
2010280
2009606
2008178
2008157
2007782
2007637
2007473
2007445
2007215
2006821
2006561
2006484
2005591
2005253
2005086
2004959
2004531
2003495
2003362
2003352
2003295
2002879
2002660
2002232
2002013
2001971
2001034
2000080
1999985
1999558
1999540
1998756
1998352
1997492
1997300
1996469
1995960
1995768
1995726
1995658
1995624
1995027
1994980
1994807
1994485
1993505
1993271
1992924
1992558
1992433
1992316
1992072
1991851
1991521
1991345
1991284
1991221
1991140
1990721
1990387
1990338
1990289
1989947
1989627
1988397
1987983
1987783
1987633
1987497
1987237
1986769
1986561
1986509
1985762
1985667
1985578
1985520
1985256
1984824
1984787
1984240
1984017
1983472
1982548
1982416
1982141
1982110
1982059
1982058
1981828
1981111
1980828
1980751
1980191
1980094
1979227
1979063
1978795
1978450
1978439
1978318
1978248
1978021
1977619
1977517
1977382
1977091
1977041
1976926
1976236
1976051
1975580
1975457
1975410
1974153
1973895
1972534
1972299
1972088
1972058
1971840
1971006
1970694
1970574
1970484
1970166
1969234
1968617
1968131
1968118
1967941
1967429
1967302
1966357
1966186
1966092
1965554
1965420
1965282
1965073
1965054
1964699
1964407
1964224
1963997
1963543
1963519
1962993
1962670
1961772
1961569
1961149
1960740
1960470
1960220
1960199
1959810
1959657
1958962
1958674
1958164
1957797
1957391
1956616
1955998
1955781
1954801
1954757
1954740
1954679
1954158
1954092
1954075
1953945
1952418
1952071
1952056
1951762
1951410
1950540
1949830
1949412
1949365
1949028
1948892
1948812
1948631
1947684
1947655
1947620
1947532
1947470
1947253
1947189
1946933
1946884
1945699
1945194
1945119
1944892
1944586
1944498
1943613
1943251
1942957
1942667
1942598
1942141
1941797
1941736
1941476
1941034
1940979
1940550
1939966
1939921
1939503
1939373
1938488
1938407
1937368
1936446
1936068
1935739
1935304
1934515
1934350
1933933
1933873
1933752
1933621
1932996
1932784
1932699
1932220
1931814
1931529
1931494
1931193
1930924
1930180
1929866
1929711
1928818
1928735
1928710
1928020
1927806
1927698
1927215
1926841
1926702
1926251
1926207
1925664
1925179
1925118
1925090
1924840
1924381
1924088
1923576
1923250
1923044
1922957
1922922
1922545
1921912
1921784
1921643
1921536
1921134
1921120
1920511
1919816
1919630
1919453
1919341
1919304
1919121
1918914
1918834
1918513
1918427
1917565
1917547
1917406
1917358
1917162
1916809
1916590
1916468
1914738
1914714
1914336
1914211
1914104
1913973
1913460
1913344
1912982
1912731
1912584
1912417
1912029
1911916
1911620
1911094
1910997
1909776
1909736
1909714
1909291
1908990
1908766
1908736
1908675
1907937
1907809
1907737
1907359
1907226
1907207
1906401
1905541
1905513
1905488
1905282
1904317
1904248
1904175
1903781
1903474
1903268
1901796
1901237
1900959
1900904
1900527
1900394
1900093
1899356
1897967
1897198
1897087
1896865
1896804
1895852
1895709
1895606
1895236
1895057
1894634
1893648
1893569
1892227
1891499
1891220
1891058
1890378
1890329
1890254
1890186
1888958
1888694
1888105
1888096
1887691
1887558
1886922
1886581
1886443
1886275
1885186
1885138
1884509
1884500
1884431
1884360
1884296
1883866
1883655
1883425
1883282
1882990
1882961
1882873
1882580
1882112
1881570
1881289
1881273
1881177
1881041
1879759
1879371
1879295
1879198
1878212
1878147
1877998
1877984
1877581
1877292
1876963
1876712
1874942
1874672
1874557
1874444
1873265
1872834
1872764
1872470
1869933
1869784
1869600
1869337
1868911
1868344
1867170
1866917
1866805
1866279
1865905
1865551
1865142
1864943
1864840
1864448
1864263
1864118
1863716
1863373
1863345
1862925
1862194
1861596
1861579
1861138
1860854
1860543
1860400
1859796
1859622
1859416
1858655
1858414
1856942
1856209
1854825
1854625
1854310
1854298
1854113
1853922
1853912
1853667
1853323
1852995
1852624
1852189
1851870
1851709
1851464
1851406
1850536
1850177
1850068
1849398
1848872
1848813
1848762
1848522
1848417
1848304
1848136
1847713
1847337
1846864
1846582
1846579
1846361
1845958
1845619
1844683
1844064
1843757
1843698
1843596
1843436
1843094
1841954
1841749
1841405
1841152
1841060
1840695
1840617
1840603
1840425
1840406
1840250
1839904
1839875
1838533
1838320
1838012
1837153
1837110
1836662
1836551
1836217
1836091
1836032
1836006
1835886
1835709
1835534
1835384
1833958
1833800
1832971
1832921
1831744
1831296
1831058
1830658
1829435
1828291
1827838
1827552
1826394
1825654
1824989
1824838
1824537
1824309
1824201
1824183
1823989
1823950
1823732
1823584
1823556
1823187
1822842
1822567
1822472
1822454
1822182
1822120
1821848
1820753
1820693
1820488
1820139
1820104
1818561
1817994
1817709
1817537
1817525
1817329
1817119
1816976
1816322
1816275
1815827
1815276
1815266
1815146
1814775
1814541
1814194
1813869
1812246
1812228
1812190
1811540
1811104
1810565
1809088
1808711
1808305
1808081
1807720
1807650
1807565
1807256
1807196
1806463
1806282
1805906
1805637
1805609
1805544
1805429
1805276
1804934
1804583
1804572
1804318
1804234
1804114
1803995
1803967
1803782
1803177
1802572
1802151
1802060
1801619
1801303
1801286
1800969
1800526
1800102
1799782
1799563
1799381
1798964
1798880
1798666
1798621
1798580
1798209
1797230
1797110
1796537
1795825
1795196
1794793
1794145
1794019
1793397
1793363
1792705
1792517
1792455
1792315
1792133
1792047
1792017
1791973
1791638
1791309
1791111
1791066
1790922
1790623
1790217
1789370
1789313
1788866
1788668
1787922
1787898
1787228
1787091
1786846
1785884
1785455
1785143
1784795
1784209
1784147
1783469
1783078
1783064
1781768
1781377
1781101
1780898
1780589
1780536
1780234
1780077
1779913
1779578
1779123
1778868
1778357
1777534
1777313
1777183
1776486
1776363
1775295
1775132
1775078
1774282
1773978
1773593
1773484
1773428
1773118
1772733
1771032
1770511
1770429
1770131
1769939
1768684
1768504
1767666
1767530
1767432
1767338
1767226
1767222
1766572
1765824
1765658
1765018
1764918
1764241
1763794
1763265
1762645
1761801
1761560
1761500
1760999
1760701
1760667
1760630
1760249
1759677
1759424
1759153
1759142
1758659
1758634
1758490
1757638
1757547
1757169
1755660
1754371
1754339
1754175
1754022
1753938
1753794
1753546
1753399
1753349
1752339
1752150
1752060
1752026
1751994
1751544
1751497
1750225
1749653
1749566
1748910
1748488
1747659
1746923
1746317
1745937
1745610
1745061
1745017
1744994
1744228
1743509
1743294
1742787
1742698
1742479
1741867
1741841
1741537
1740799
1740284
1740271
1739976
1739931
1739121
1738627
1738500
1738357
1738282
1738264
1736420
1736401
1736290
1735831
1735093
1735083
1734534
1733855
1733529
1732798
1732656
1732614
1732035
1731537
1731332
1731262
1730612
1730584
1730117
1730008
1729718
1728351
1728259
1728002
1727988
1727711
1727542
1727517
1727368
1726538
1726121
1726058
1725214
1724963
1724897
1724753
1724253
1723659
1723498
1723411
1723126
1723038
1722800
1722750
1721635
1721523
1721043
1720660
1720204
1720038
1719871
1719341
1719249
1718018
1717239
1716691
1716326
1716246
1716149
1715978
1715975
1715814
1715749
1715705
1715338
1715228
1714660
1714480
1712762
1712215
1712053
1711704
1711380
1711331
1710661
1710578
1710519
1710406
1710206
1709756
1709577
1709462
1709171
1708849
1708342
1708250
1708058
1707791
1707542
1707156
1707073
1706605
1706495
1706390
1706162
1706133
1705890
1705697
1704842
1704383
1703463
1703096
1703050
1702989
1702630
1702184
1702019
1701863
1701086
1700377
1700032
1699945
1699836
1699335
1699333
1698157
1697457
1697317
1696333
1696008
1696008
1695719
1695500
1695443
1695344
1695008
1694793
1694558
1694519
1693589
1693408
1693085
1692829
1692689
1692675
1692130
1691473
1690846
1690819
1690311
1690299
1690197
1689715
1689242
1688670
1688417
1687447
1685681
1685286
1685058
1684726
1683155
1682838
1682541
1681825
1681753
1681742
1681188
1678530
1678345
1678342
1678328
1678097
1678026
1677436
1677430
1677130
1675518
1675278
1675145
1674804
1674360
1674278
1673125
1673103
1672827
1672798
1672675
1672303
1672230
1671735
1671392
1671007
1670164
1670088
1669526
1669346
1668556
1668333
1667907
1667614
1667434
1667273
1667144
1666490
1666377
1666305
1665627
1665414
1664260
1664193
1663747
1663207
1662966
1662732
1662075
1661841
1661644
1661639
1660394
1660334
1660035
1659585
1659250
1658935
1658764
1658572
1658294
1658152
1655760
1655447
1654911
1654713
1654521
1654060
1653979
1653735
1653216
1653182
1653140
1652908
1650907
1650177
1649950
1649591
1649515
1649184
1648827
1648485
1648395
1648138
1647555
1647468
1647146
1646289
1646002
1645886
1645717
1645507
1645079
1644856
1644210
1644091
1643830
1642828
1642757
1642031
1642019
1641431
1641137
1640987
1640881
1639451
1639131
1639057
1638967
1638786
1638691
1638183
1638058
1638039
1637618
1637515
1637403
1637334
1636889
1636819
1636188
1634593
1634497
1634460
1634130
1633956
1632979
1632552
1632208
1631799
1631692
1631472
1631439
1631269
1630599
1630247
1630074
1629847
1627882
1627009
1626684
1626243
1626218
1626178
1626072
1626034
1625738
1625648
1625628
1625526
1625408
1625116
1624957
1624270
1624134
1623758
1623666
1623532
1623530
1622378
1622217
1620816
1620742
1620452
1620101
1620068
1619488
1619125
1618710
1618663
1618594
1618031
1617806
1617732
1617610
1617340
1617214
1616596
1616147
1615781
1615525
1615326
1615140
1614901
1614758
1614438
1614366
1614217
1613991
1613158
1612802
1612317
1611919
1611895
1611475
1611206
1610780
1610043
1609929
1609810
1609534
1609098
1608613
1608597
1608438
1607740
1607608
1607549
1606261
1605727
1605625
1605321
1605253
1605094
1604862
1604071
1604017
1603411
1603362
1603031
1602707
1602528
1599919
1599680
1599337
1599304
1598080
1597395
1597099
1597097
1596202
1594654
1594278
1594144
1593900
1593448
1593347
1592967
1592854
1592467
1592236
1592024
1591627
1590775
1590234
1589921
1589781
1589126
1589041
1588762
1588621
1588047
1587791
1587161
1586650
1586631
1586158
1586130
1585857
1585630
1584705
1584638
1584609
1584450
1584382
1583512
1582988
1582263
1581647
1581498
1581482
1581320
1581045
1580954
1580658
1580562
1580503
1580046
1579862
1579729
1579133
1578456
1578188
1578003
1577582
1577578
1577294
1577071
1576556
1576510
1576469
1575802
1575654
1574625
1574288
1574026
1573031
1572135
1571915
1571175
1568885
1568869
1568804
1568380
1568078
1567778
1567304
1567036
1566415
1566321
1566131
1565726
1565517
1565156
1564718
1563985
1563839
1563809
1563481
1563373
1562823
1562324
1561161
1561011
1560501
1560328
1560212
1559664
1559197
1558788
1558148
1557030
1556965
1556446
1556341
1556278
1556131
1555930
1555830
1555683
1555554
1555506
1555153
1554429
1554418
1554038
1553835
1553473
1552854
1552836
1552478
1551836
1551782
1551392
1551300
1550753
1550427
1550118
1549448
1549012
1548848
1548487
1547105
1546993
1546680
1546224
1545623
1545500
1545104
1545062
1544285
1543777
1543540
1542769
1542687
1542276
1542187
1542081
1541570
1541134
1540518
1539001
1538903
1538897
1538772
1538690
1538538
1538475
1538107
1537561
1536780
1536763
1536571
1536233
1536196
1535453
1535178
1534411
1533631
1532304
1532047
1531924
1531816
1531480
1530653
1530581
1530481
1530423
1529937
1529559
1529537
1529525
1529233
1528531
1527951
1527649
1527568
1527255
1527229
1527116
1526547
1526501
1525635
1525179
1525112
1524605
1523385
1523129
1522951
1522942
1522728
1522408
1522031
1521934
1521710
1521119
1521114
1520917
1520318
1518535
1518413
1518278
1518107
1518055
1518028
1517975
1517623
1517411
1516351
1514664
1514325
1513737
1512452
1511130
1511044
1510973
1510935
1510716
1510021
1509558
1509555
1509106
1508908
1508622
1508026
1507139
1506624
1506564
1506031
1505493
1505328
1504937
1504788
1504177
1504174
1503642
1503324
1503257
1501837
1501712
1501565
1501256
1501067
1500862
1500366
1499406
1499016
1498698
1497919
1497745
1497678
1497613
1497108
1497069
1496987
1496979
1496852
1496559
1496359
1496276
1496247
1495917
1495838
1495370
1494758
1494451
1494380
1494281
1494033
1493272
1493266
1493156
1492991
1492699
1492367
1492274
1492071
1491016
1490972
1490966
1490900
1490842
1490789
1490688
1490390
1490381
1489423
1488723
1488367
1487783
1487308
1485881
1484994
1484971
1484549
1483804
1483688
1483586
1483189
1481556
1481526
1481350
1480962
1480561
1480490
1479816
1479566
1479369
1479345
1479229
1479135
1479107
1479016
1478938
1478873
1478867
1478847
1478267
1478222
1478076
1477712
1477704
1477300
1477298
1477240
1476840
1475505
1475422
1475301
1474822
1474608
1474112
1473937
1473823
1473778
1473514
1473475
1472533
1472141
1472112
1471373
1471210
1470869
1470520
1470335
1469838
1469741
1469285
1468706
1468384
1468159
1467916
1467794
1466767
1466697
1465510
1465500
1465363
1464865
1464402
1463993
1463965
1463640
1463397
1462871
1461948
1461284
1461067
1460708
1459701
1459517
1459281
1458883
1458795
1458597
1458264
1457813
1457026
1456509
1455794
1455322
1455009
1454874
1454854
1454825
1454336
1453648
1453045
1452079
1452022
1450653
1450604
1450330
1450030
1449935
1449870
1449639
1449635
1449419
1449192
1448906
1448774
1448767
1448282
1447949
1447776
1447649
1446337
1446162
1446037
1444882
1444860
1444781
1444635
1444609
1443935
1443311
1443078
1441805
1440238
1439426
1439168
1438639
1438571
1438104
1438036
1437359
1437316
1437002
1436998
1436212
1436161
1435100
1434012
1433959
1433714
1433590
1433327
1432777
1432596
1431785
1431698
1431309
1430683
1430647
1430403
1430140
1429660
1429619
1429611
1429137
1429096
1428123
1427786
1427720
1426961
1426823
1426642
1426562
1426379
1426271
1426165
1425772
1425556
1425446
1424927
1424082
1424005
1423747
1423429
1423322
1423289
1423075
1422584
1422170
1421800
1421699
1421322
1421320
1421299
1421056
1420960
1420918
1420550
1420096
1420053
1419614
1419593
1418997
1418582
1418010
1417965
1417872
1417844
1417530
1417021
1416963
1414956
1414950
1414742
1414558
1413856
1413793
1413465
1413001
1412299
1411989
1411805
1411592
1411317
1411013
1410915
1410744
1410325
1409817
1409536
1408493
1407207
1407022
1406956
1406674
1406362
1405585
1405198
1405034
1405007
1403985
1403965
1403929
1401484
1401437
1400906
1400887
1400759
1400547
1400157
1399830
1399701
1399431
1399316
1398954
1398083
1397768
1397720
1397677
1397516
1397432
1397004
1396928
1396388
1395794
1395702
1395457
1395296
1394892
1394467
1394361
1394076
1393501
1393475
1393457
1393324
1393042
1392854
1392163
1391562
1391476
1390878
1390599
1390279
1390261
1390203
1390007
1389896
1389780
1389780
1389620
1389290
1388938
1388387
1388361
1388344
1387361
1386004
1385937
1385681
1385415
1385081
1384713
1384240
1384164
1383955
1383877
1383418
1382329
1382146
1381227
1380962
1380771
1380492
1380490
1380376
1380257
1379730
1379542
1379338
1379276
1379018
1378920
1378582
1377038
1377018
1376979
1375774
1375741
1375677
1375623
1375428
1375109
1375096
1374815
1374209
1374150
1374076
1373673
1373321
1372891
1372661
1372235
1372204
1372065
1371057
1370427
1370382
1370284
1370187
1369640
1369382
1369296
1368871
1368375
1368180
1368131
1367896
1367846
1367717
1367590
1367272
1367137
1367092
1366784
1366442
1366434
1366257
1366079
1365565
1365270
1365204
1364919
1364496
1364415
1363942
1363886
1363449
1363443
1363278
1362938
1362665
1362599
1362006
1361233
1361167
1361149
1360207
1359742
1359664
1359474
1359468
1359279
1359150
1358733
1357779
1357667
1357551
1357411
1357360
1357150
1357054
1356936
1356914
1356661
1356292
1356186
1355533
1355310
1354936
1354785
1354717
1353880
1353820
1353717
1353112
1352850
1350967
1350874
1350863
1350792
1350537
1350363
1350310
1350050
1349624
1348798
1348491
1348389
1348155
1346958
1346816
1346702
1346539
1346365
1345830
1345809
1345749
1344716
1344533
1344386
1343966
1343934
1343672
1342693
1342214
1341773
1340109
1339818
1339666
1339207
1338012
1337927
1337084
1336602
1335621
1335392
1335307
1335120
1335028
1334685
1334494
1334177
1334121
1333867
1333468
1333289
1333274
1333230
1333035
1332249
1331961
1331913
1331250
1330119
1330020
1329544
1329225
1328755
1328545
1328493
1328317
1328124
1327189
1326730
1326606
1326587
1325925
1325359
1324551
1324204
1323520
1322728
1322087
1321861
1321715
1321712
1321675
1321371
1321190
1320906
1320661
1320352
1319891
1319786
1319730
1319187
1318968
1318832
1318434
1317613
1317397
1317248
1316947
1316325
1316292
1315582
1315529
1315394
1315297
1314552
1314508
1314500
1314268
1313917
1313643
1311699
1311090
1310021
1308468
1308367
1308216
1308071
1307964
1307503
1307409
1306993
1306627
1306580
1306432
1305773
1304525
1304267
1304119
1304093
1303863
1302839
1302290
1302251
1302074
1302010
1301897
1301678
1301662
1301564
1301563
1301034
1300521
1300174
1299177
1298348
1298270
1297581
1297388
1297025
1296267
1295521
1295193
1295083
1295047
1294453
1294048
1293873
1293871
1293793
1293167
1292655
1292155
1292022
1291271
1291074
1290627
1289376
1289320
1288641
1288330
1287985
1287554
1287507
1287239
1287028
1286885
1286854
1286682
1286591
1286587
1286460
1286447
1286292
1286206
1285949
1285572
1284674
1284607
1284465
1284401
1283633
1283593
1282748
1282578
1282078
1281077
1281073
1280992
1280793
1280735
1280684
1280447
1280011
1279992
1279862
1279851
1279834
1279664
1279608
1279308
1279253
1277748
1277724
1277547
1277357
1276520
1276504
1276504
1276126
1275471
1275366
1275038
1274796
1274709
1274408
1274322
1274262
1274172
1273510
1273500
1273238
1273064
1272636
1272434
1272401
1272322
1272289
1272057
1271788
1271228
1270992
1270820
1270635
1270496
1269795
1269644
1269320
1269294
1269169
1269167
1268970
1268854
1268699
1268466
1268431
1268354
1268225
1267697
1267462
1267400
1267336
1267308
1267075
1266845
1266703
1266671
1266576
1265303
1264670
1263366
1262801
1262598
1262088
1260709
1260640
1260082
1259486
1259122
1258955
1258953
1258379
1258286
1258209
1257834
1257457
1257374
1257095
1257009
1256790
1256423
1256196
1255982
1255375
1254992
1254222
1253562
1253262
1253254
1253152
1253102
1253100
1252720
1251954
1251902
1251152
1250155
1249436
1249116
1248579
1247839
1247124
1246780
1246436
1246129
1245800
1245562
1245184
1244387
1243919
1243862
1243559
1243385
1243039
1242678
1241800
1241549
1240869
1240729
1240474
1240001
1239670
1239259
1238573
1238042
1237985
1237810
1237567
1237219
1236831
1236813
1236694
1236568
1236321
1236272
1236164
1235983
1235914
1235867
1234575
1234121
1234066
1233738
1233476
1233277
1233211
1232931
1232842
1232769
1232204
1232078
1231828
1231366
1230390
1229990
1229969
1229562
1229353
1228334
1227902
1227238
1226875
1226837
1226427
1226349
1225989
1225931
1223847
1223584
1223261
1222930
1222492
1222196
1222121
1221854
1221228
1221066
1221000
1220760
1220038
1219850
1219638
1219264
1218791
1218705
1218088
1217546
1215723
1215584
1215553
1215460
1214890
1214684
1213822
1213535
1213150
1212544
1211697
1211576
1211522
1211490
1210719
1210189
1209530
1209175
1209146
1209075
1208956
1208848
1208277
1208119
1207464
1207192
1206805
1206070
1205757
1205552
1204422
1203863
1202845
1202553
1202227
1202101
1202068
1201927
1201531
1200694
1199765
1199419
1199001
1198843
1198156
1197699
1197475
1196984
1196959
1196949
1196465
1196459
1196442
1196285
1195909
1195715
1195056
1194937
1194755
1194232
1194195
1194033
1193579
1191488
1191447
1191128
1190828
1190251
1189629
1189499
1189484
1189469
1189218
1188325
1188212
1187694
1187657
1186668
1185977
1185552
1185500
1185194
1184949
1184895
1184494
1184046
1183513
1183406
1183371
1183004
1182958
1182770
1182655
1182426
1182409
1181408
1181329
1180884
1180389
1180327
1179779
1179247
1179120
1179016
1178991
1178703
1178208
1178184
1177771
1177633
1177443
1177237
1177054
1176509
1176157
1175822
1175520
1175468
1175204
1174800
1174490
1174237
1173527
1173176
1172990
1172242
1171829
1171626
1170941
1170683
1170513
1170448
1170373
1170332
1169861
1169710
1169545
1168452
1168313
1167996
1167869
1167859
1167649
1167538
1167344
1167328
1166820
1166145
1166068
1165827
1165419
1164977
1164041
1163622
1163576
1163289
1161482
1161194
1161035
1161006
1160584
1159799
1159797
1159469
1158711
1157625
1157190
1156891
1156853
1156747
1156637
1156473
1156142
1154808
1154659
1154614
1154289
1154244
1153294
1152612
1152430
1152290
1151658
1151081
1150862
1150725
1150203
1150085
1149272
1148514
1148111
1147991
1147520
1146857
1146564
1146430
1146377
1145968
1144992
1144682
1144474
1144371
1144250
1144001
1143359
1143004
1142675
1141270
1140018
1140013
1139530
1139477
1139471
1139388
1139268
1137864
1137176
1137159
1137048
1137019
1136861
1136753
1136529
1136143
1136128
1135423
1135415
1135380
1134791
1134594
1134578
1134165
1133546
1133030
1132591
1131937
1131747
1131369
1131265
1131002
1130056
1129994
1129989
1129875
1129476
1128555
1128326
1128303
1128029
1127824
1127431
1126921
1126499
1126392
1126267
1125846
1124625
1124186
1124084
1123495
1122820
1122563
1122117
1121376
1121128
1120614
1119963
1119124
1118851
1118667
1118540
1118265
1118149
1117535
1117204
1117201
1116815
1116641
1116437
1116200
1115548
1115485
1115408
1115227
1114852
1114448
1114134
1114048
1113917
1113862
1113535
1113496
1112273
1111548
1111490
1111415
1111397
1111171
1111053
1111029
1110794
1110411
1110247
1110140
1109411
1109172
1108955
1108891
1108817
1108785
1108429
1108408
1108254
1108116
1108088
1107762
1107608
1107581
1107453
1107429
1107402
1106701
1106492
1106453
1106255
1106196
1106078
1105540
1105484
1104482
1104367
1102722
1102637
1102120
1101384
1100590
1100439
1100270
1100089
1099643
1099395
1099284
1099148
1098714
1098428
1097583
1097241
1096908
1096517
1096500
1096443
1095793
1095667
1095427
1095228
1095211
1094569
1094513
1094314
1094220
1094024
1093971
1093595
1093560
1092267
1091847
1091778
1091698
1091571
1091487
1091040
1090893
1090473
1090323
1090179
1089190
1088955
1088141
1086239
1085500
1085103
1084958
1084430
1084154
1083594
1082958
1082951
1082344
1081629
1081600
1080902
1080743
1080388
1079607
1079598
1079501
1079287
1079224
1079002
1078922
1078690
1078687
1078402
1078311
1078176
1077717
1077154
1076439
1075728
1075462
1075206
1074444
1074427
1074057
1073251
1073232
1073017
1072529
1072465
1070194
1069542
1069440
1069336
1069260
1068382
1067893
1067878
1067382
1066979
1066057
1066034
1065679
1065656
1065643
1065227
1064884
1064529
1064437
1064260
1064102
1063983
1063843
1063714
1063048
1062747
1062623
1062617
1061976
1061459
1060767
1060449
1058642
1058297
1058022
1056760
1056292
1055861
1055702
1055702
1055554
1054848
1054724
1054452
1054171
1053877
1053230
1053225
1053183
1052894
1052878
1052518
1051862
1051012
1050879
1049612
1048804
1048457
1048258
1048115
1048061
1047933
1047543
1047362
1046454
1046203
1045870
1045571
1044574
1043882
1043674
1043546
1043298
1043160
1042822
1042709
1041172
1040718
1040169
1040103
1039302
1039276
1039079
1039075
1038463
1038134
1037811
1037633
1037510
1037507
1037350
1037349
1036629
1035915
1035890
1035601
1035344
1035132
1034866
1034537
1033487
1033447
1033081
1033021
1032480
1031610
1031462
1031456
1031182
1030293
1030189
1029869
1029838
1029277
1028719
1028666
1028503
1028323
1028236
1027692
1027655
1027306
1025790
1025780
1025739
1025305
1024815
1024689
1024524
1024225
1023630
1023023
1022496
1022417
1022374
1022357
1021687
1020695
1020502
1020397
1019982
1019935
1019020
1018661
1018264
1018152
1017887
1017403
1016924
1016327
1015956
1015869
1015713
1015239
1014953
1014931
1014860
1013791
1013318
1012553
1012406
1012006
1011366
1010763
1010382
1010361
1009917
1009065
1008815
1008206
1007978
1007353
1006907
1006549
1006380
1006214
1005785
1005670
1005542
1005486
1005320
1005282
1005233
1005056
1004696
1004369
1004330
1004300
1003826
1002962
1002770
1002704
1002279
1001594
1001330
1001153
1000900
1000125
999769
999480
998014
996430
996217
996002
995872
995329
995104
994807
994403
994390
994136
993219
993138
992048
991552
991041
990932
990813
990641
990502
990454
989880
989854
989596
989375
989113
988809
988687
988530
987874
987680
987167
986989
986951
986525
986514
985492
985309
984721
984178
983947
983877
983275
983043
982429
982263
982246
982145
981961
981766
981661
981354
981317
980988
980539
980216
980029
979629
979479
978919
978458
977901
977855
977804
977645
976677
976353
976208
975791
975717
975393
975192
975165
974870
973720
973657
973625
973617
972698
971997
971635
971632
971512
971423
971269
971155
971049
970973
970111
969564
969525
969494
969009
968853
968765
967720
967529
967202
966759
966093
966007
965928
965428
965389
965275
964707
964648
963577
963574
963482
962971
962546
962348
962143
961804
961639
960786
960668
960655
959938
959901
958667
958620
958558
958487
957742
957608
957412
957399
956925
956751
956555
956382
956065
955982
955614
955466
955388
954605
954177
954048
954027
953820
953476
953401
953398
953009
952676
952664
950978
949795
948509
948449
948400
947952
947136
947079
946944
946894
946872
946520
945788
945590
945398
945209
945164
945147
944353
944069
943920
943816
943323
942928
942715
942212
941806
940512
940354
940348
940303
940259
939868
939573
939566
939309
939206
939012
937731
937264
937213
936804
936286
936060
935832
935794
935255
934750
934741
934553
934294
933133
932437
932292
931829
931687
931637
931616
931292
931265
930950
930791
930409
930203
930097
929313
929123
928987
928798
928591
927865
927614
926244
926222
926160
925948
925937
925414
925216
925186
924911
924896
924543
924474
924263
924075
923807
923655
923586
923459
923414
923349
922756
922324
921799
921723
921722
920942
920929
920657
920417
919776
919547
919347
919026
918421
918362
918180
918060
917615
916850
916485
916295
916105
915941
915685
914905
914786
914782
914683
914427
913769
913685
913585
913473
913468
912676
912443
912112
911788
910574
910500
909372
908852
908440
908364
908308
908246
908100
907327
907303
907265
906689
906151
905851
905485
905144
904531
904233
903369
903335
903334
902449
902337
902302
902287
902230
902153
901876
901647
901526
900591
900108
900017
899996
899843
898684
898446
898339
898249
898123
897260
897254
897121
896945
896604
896347
896144
896073
895818
895794
895779
895240
894682
894602
894066
893223
893003
892831
892470
892404
892393
892383
891641
891269
891267
890445
890096
889901
889702
889569
889362
889057
888737
888712
888456
887614
887143
887104
886907
886096
885709
885509
884931
884883
884461
884301
884251
884244
883926
883874
883185
883175
882977
882086
881644
881528
881329
879814
879812
879073
878798
878751
878622
878621
878134
877862
876997
876857
875693
875691
875212
875166
874936
874488
874212
874155
873847
873331
873185
873162
872615
872600
872490
872185
871857
871824
870719
870502
870264
869633
869338
868635
868254
868069
868022
867990
867587
867400
866899
866815
866187
864834
864803
864697
864399
864212
863349
862684
862622
862215
861921
861693
861478
861321
861286
861228
860148
859372
859360
858966
858910
858860
858760
858451
858397
857658
857519
857205
857171
856548
856210
855757
855174
854975
854813
854725
854567
854546
854389
854338
854306
853654
852192
851657
851286
851236
851172
851008
850670
850538
850488
849834
849597
849432
849082
848935
848687
848349
848288
847620
847439
847150
846029
845799
845788
845199
845053
844911
844512
844229
844176
843129
842932
842479
842364
841704
841025
840993
840748
840690
839858
839759
839451
839074
838101
837860
837568
837440
837051
836696
836377
836248
835741
835615
835169
834554
834479
833873
833088
832875
832603
832560
832259
831836
831835
831743
831354
830960
830058
829842
829724
828837
828463
828332
828220
827403
825942
824913
824720
824485
823952
823670
823025
822851
822794
822167
821752
821546
821202
821188
820681
820049
819691
819589
819307
818575
818259
817929
817864
817864
817645
817379
817228
817126
816456
816041
816029
815894
815390
815250
815065
814873
814148
814146
813785
813625
813496
813267
812682
812288
812241
812064
811357
811114
811049
810997
810861
810688
810212
809992
809869
809755
809606
809169
808865
808724
808298
807161
806567
805792
805548
805488
805467
803964
803638
803483
803292
802718
802503
802419
802243
801704
801459
801111
801095
800660
800547
800440
800046
799453
798823
798779
798567
798312
797499
796995
796750
795512
795448
795349
795065
794034
793450
792218
791858
791303
791274
790919
790656
790055
789964
789925
789590
789443
789314
788586
788193
786896
786777
786519
786169
785935
785865
785602
785244
784917
784870
784218
784109
783651
783281
782015
781839
781807
781706
781214
780768
780465
780378
780243
780037
779959
779783
778896
778224
778216
775680
775341
775236
774647
773538
773473
773462
773303
773302
772460
772417
772387
771946
771844
771648
771534
770789
769860
769348
768885
768742
768178
767770
767663
767410
767195
767183
766941
765924
765549
765405
765033
765002
764674
764433
763810
763048
762545
762461
762414
762385
762179
761062
760399
760387
760100
759874
759868
759490
759168
758905
758876
758798
758796
758471
758092
758072
757627
757508
757149
757104
757054
756845
756162
756094
755826
755787
755755
755677
755261
754887
754517
754232
753264
752961
752737
752562
752452
751282
749023
748700
748511
748412
748334
747988
747986
747445
747280
747216
747175
746997
746371
745806
745670
744388
743856
743131
743075
742651
742586
741953
741675
741259
740790
739856
739720
739434
738511
738223
737894
737666
737392
737362
737196
736998
735802
735321
735207
734196
734186
732791
731331
731173
731109
730818
730308
729581
728922
728891
728605
728537
728479
727921
727826
727809
727754
726940
726577
726044
725998
725228
725070
725041
724571
724532
724235
723681
723656
723645
723637
723592
723210
723149
723089
723044
722804
722498
722377
722194
722020
721407
721171
720916
718868
718778
718506
718350
717598
717596
717352
717186
717155
716543
716490
716166
715538
715174
715146
714534
713809
713229
712598
712379
712269
712142
712090
711519
711495
710898
710596
710257
710054
708897
708584
707793
707012
706937
705168
705147
704004
703500
702959
702916
702219
702108
701728
701657
701372
701130
699862
699488
699473
699427
698527
698356
698194
697816
697555
697449
696952
696833
696829
696436
696322
696293
696015
695845
693690
693456
692568
692129
691214
690793
689801
689662
689549
688779
688279
686702
686574
686231
685745
685729
685710
685250
685123
685043
684823
684656
683989
683914
683447
683317
683047
682815
682570
682321
682044
682012
681849
681341
680197
679812
679621
679330
679131
678492
678475
678347
677770
677752
677679
677256
676902
676246
676221
675705
674850
674833
674768
674496
674410
674351
674223
674113
673829
673422
673089
671719
671331
670631
669177
669167
669012
668978
668443
666935
666931
666819
666671
666621
666557
666050
665681
665620
665577
665370
665177
664651
664483
664359
664229
664178
664061
663476
663307
662645
662433
662043
660717
660658
660472
659892
659440
658244
657991
657962
657905
657812
657513
657167
656753
655741
655528
655385
655334
654493
654367
654227
653251
653192
652789
652770
652124
651571
651211
650792
650291
650290
650211
650029
649711
649644
649636
648252
648169
648019
647441
646780
646556
646382
646329
646312
645879
645555
644800
644682
644643
644640
644359
644244
643613
643354
643292
643269
643263
643136
642429
641627
641221
640710
640438
640239
639567
638759
638556
638286
638079
637907
637817
637388
636607
636240
636074
634900
634776
634678
634162
633663
633592
633309
632939
632560
632295
631717
631305
630866
630787
630680
630386
630196
629484
629254
629044
628873
627685
627627
626906
626246
625958
625878
625514
625473
623870
623816
623562
622473
622166
621532
621393
621328
620668
620668
620542
620146
620119
619968
619859
619778
619642
618850
618333
617457
617343
617166
616506
616266
615950
615750
615642
615271
614971
614636
614129
614128
612627
612587
612191
611934
611833
611634
611434
609994
609638
608866
608427
608301
608285
607938
607920
607819
607710
607690
607672
607391
607099
606426
605897
605278
604639
604317
604285
604053
603609
603480
603476
603377
602828
602673
602633
602121
601968
601807
601767
601399
601395
600548
600221
600038
599997
599740
599720
599144
598802
598559
597314
597232
596702
596653
596309
596052
596005
595923
595900
595829
595646
595627
595236
595006
594796
594730
594719
594693
594204
594162
593806
593240
593161
593013
592111
591660
591455
591292
591011
590994
590972
590736
590658
590549
590042
589873
589824
589802
589290
589257
589233
588657
588458
587324
586976
586921
586477
585360
585166
585021
584970
584833
584731
584490
584449
584401
584364
583367
583189
582603
582596
582234
582140
581964
581618
581568
581364
580861
580245
580135
579828
579756
579493
579406
578895
578839
578479
577944
577526
577465
576334
576075
576060
575333
574927
574775
574063
573728
573468
573448
572688
572272
571954
571537
570821
570132
569997
569747
569127
568148
568067
567579
567475
567327
567289
567244
566873
566034
565706
565133
564792
564606
564579
564287
564214
564014
564004
563810
562518
562074
562063
561918
561545
561272
560612
560470
560214
559755
559750
559724
559135
559062
559058
558732
558612
558600
558538
557936
557394
557112
557079
556722
556521
555947
555607
555178
555134
554856
554589
554503
553170
553006
552838
552420
552235
551931
551511
551505
551400
551148
550347
549982
549872
549607
549484
549016
548910
548700
548254
547314
547070
546300
546278
545278
544902
544498
544352
544286
542083
541595
541187
540238
539896
539237
538716
538270
537590
537171
536486
536280
536201
535940
535785
535457
535135
534655
534584
534457
534021
533536
533186
532775
532102
531225
531074
530806
529472
528827
528694
528405
527810
527478
527262
526988
526693
526674
525262
524406
523579
523318
522857
522763
522624
522447
522166
521421
519629
519514
517661
517530
517113
517065
516843
516627
516446
516285
515871
515799
515675
515301
515058
514752
514235
513833
513775
513720
513475
513250
512636
512632
512529
511946
511830
511802
511319
511309
510909
510764
510398
510222
509564
509306
508376
508245
507852
507783
507610
507418
507324
506230
505645
505521
505366
505104
504940
504342
504244
503633
503048
503001
502455
502115
502070
501967
500548
500495
499738
498402
497865
497359
496695
495759
495714
495326
494968
494960
494835
494771
493696
493640
492906
492485
492254
491577
491153
490846
490607
490601
490583
490318
490302
490162
489943
489802
489467
489465
489149
489076
488559
487294
487232
486612
486514
485943
485744
485386
485377
485246
484224
483571
483164
483155
482908
482890
482817
482591
481593
481181
481120
480743
480532
480205
479831
479632
479580
479291
478981
478823
478484
478406
478159
478023
478001
477759
476917
476745
476739
476593
475939
474098
474034
473369
473053
472724
472601
471681
471643
471577
471129
470757
469845
468461
467687
467526
467437
467400
467181
466978
466732
466592
466453
466433
466222
465887
465819
465718
465694
465607
465150
464334
464165
463239
463028
461867
461782
461329
460656
460450
460343
460198
460018
459302
459269
458851
458655
458544
458094
457886
457813
457428
456421
456413
455491
455261
454385
453883
453725
453603
453472
453457
453431
453417
453346
452257
452154
452076
451817
451755
451609
450530
449668
449196
449156
448977
448862
448807
448782
448779
448678
448626
448259
448210
448204
447825
447670
447189
447181
446619
446420
446148
445668
445277
445254
445178
445166
444819
443184
443146
442968
442344
441939
441676
441625
441192
441079
440978
440630
440592
440382
440324
440114
440085
439886
439762
438949
438415
438306
438118
438020
437542
437523
437443
437213
435839
435817
435763
434655
434640
434322
433760
433666
433646
433481
432262
432083
431714
430832
430318
430282
429069
428260
428167
427938
427059
426953
426835
426717
426614
426419
424085
423553
423468
422633
422605
422585
422441
422354
422352
421977
421105
420373
420254
420055
419309
418324
418310
418145
418106
417488
417329
417276
416737
416296
415069
414992
414903
414079
413744
413190
413123
412915
412820
412627
412023
411957
411588
411167
410800
410761
410691
409944
409518
409387
409254
408628
408582
408460
408148
407749
406685
406383
406026
405409
405373
405309
404758
404549
403882
403774
403180
402913
402812
402458
402274
402192
402079
401187
400882
399128
398529
398333
397862
397088
396871
396269
395728
395478
395374
395003
394669
394568
394288
393562
393451
393226
393224
393050
391602
391491
390117
390103
389808
389754
389156
388864
388856
388716
388246
388207
388172
388148
387804
387399
387013
386878
386362
386342
386260
385345
385179
384137
383752
383264
383156
382816
382671
381392
380863
380442
380357
380307
380243
379695
379225
379082
378984
378307
378031
377325
376945
376881
376849
376122
375378
375308
375300
375098
374832
374414
374402
374311
374273
373725
372544
372191
371688
371464
371456
371322
371159
371033
370031
369721
369057
368556
368540
368282
367920
367179
366893
366097
366068
365707
365672
365111
364877
364540
364072
364065
364053
363601
362628
362241
362067
362042
362013
361913
361808
360213
360206
360190
359884
359509
359431
358852
358613
358505
357592
357556
357486
356517
356360
356212
356065
355622
355354
354823
353905
353898
353803
353507
352232
351955
351340
351294
351291
351103
351090
349904
348910
348776
348621
348447
348440
348073
347620
347395
347271
347058
346173
345377
344456
344388
343391
343323
343199
342133
342028
340841
340715
340203
340193
339990
339967
339922
339723
339147
338921
338231
337631
337542
337113
336669
336372
335983
335143
334907
333899
332986
332019
330587
329467
329077
328862
327847
327838
327340
326963
326650
325987
325688
325538
325452
325331
325317
325131
325005
324734
324459
324134
323417
322895
322442
322303
321854
321558
321003
320914
320700
320425
319921
319403
318755
318459
318328
317906
317546
317373
317351
317265
316882
315939
315582
314815
314796
314445
314246
314137
314052
313937
313598
313474
313401
313015
312792
312255
311814
310462
310154
309961
309768
309537
309047
309042
308878
308794
308656
308447
308423
307578
307440
307390
306951
306184
306170
305983
305168
305157
304734
304578
304422
304050
303463
302552
302434
301701
301552
301051
300789
300517
300288
300094
299754
299590
299274
299189
299070
298840
298004
297913
297163
296690
296027
295861
295052
295044
294914
294278
294170
292826
292447
291906
291890
291588
291280
291176
290880
290852
290822
290099
289425
288897
288518
288349
288309
288202
288011
287999
287500
285958
285657
285372
284418
283938
282622
282522
281952
281003
280963
280667
280603
279817
279749
279686
279575
279261
279121
278571
278067
277994
277066
276854
276043
275389
274823
273846
273512
273159
272874
272761
272204
271969
271668
271491
269932
269870
269789
269373
269108
268198
267757
267683
267611
267398
267357
267064
266733
266634
266086
265861
265755
265362
265297
265130
265076
264755
264732
264344
264014
263246
262331
262161
261886
261270
260745
260735
260597
260422
260174
259950
259838
259359
258231
257791
257767
257717
257433
257315
257047
256881
256751
256525
256353
256292
256200
256176
255474
255112
254450
252766
252536
252050
251910
251478
250796
250277
249890
249833
249792
249224
249192
249172
249030
248890
248837
248185
247955
247889
247666
247527
247340
246967
246621
246493
246184
246143
245884
245473
245358
245260
244796
244139
243742
243671
243440
243343
242885
242796
241973
241896
241863
241817
240435
240092
239869
239843
239699
239565
238997
238974
238569
238557
238377
238272
238268
238076
237995
237368
237121
236660
236418
236003
235600
235343
235287
235140
235060
234767
234745
233759
233228
233092
233065
233007
232749
232687
232360
232112
231530
231431
231378
230915
230386
230211
230089
229739
229676
227964
227800
227563
227535
227516
227155
226995
226123
225974
224353
224293
223917
223556
223073
222389
221836
221445
221371
221116
220219
219635
219599
219303
218979
218607
217727
217722
216955
216766
216496
216171
216098
215844
215814
215244
215091
214762
214248
213904
213817
213720
212860
212110
211681
210684
210021
209583
208116
208042
207562
207297
207162
207008
206803
206639
206569
206053
204611
204554
204458
203739
203248
203157
202583
202532
202470
202424
202358
202275
200820
200634
200622
200371
199210
198938
198883
198874
198737
198727
198322
197976
197085
196717
196176
196001
195783
195701
195615
195590
195509
194891
194812
194157
193621
191775
191184
189829
188675
188129
187988
187147
186832
185177
185136
185086
185053
184857
184498
184458
184275
184058
184008
183889
183856
183554
182951
182478
182452
181833
181741
181680
181241
180954
180653
180206
179951
179570
179303
178800
178645
178611
176391
176072
175478
175318
174527
173513
173033
172446
172208
172155
172129
171724
171407
171115
170935
170929
170499
170406
170266
170171
169957
169661
169219
168552
168156
167674
167537
167475
167044
166521
166356
165920
165671
165485
164877
164835
164359
164177
163905
163814
163789
163424
163290
162291
162284
162065
161604
161541
160087
160067
160027
160018
159770
159521
159506
159212
159194
158638
158209
157940
157298
157023
156637
156482
156444
156301
154720
154720
154426
153575
153310
153145
152933
152813
152784
152096
151697
151667
151515
151112
151066
150569
150232
149996
149993
149883
149462
148336
147797
147358
146442
146135
146067
146004
145341
145326
145270
145080
145036
144329
144159
143425
143290
143199
142866
142184
141873
141559
141333
140869
140213
140025
139730
139561
139400
139165
138564
138523
138300
138288
138249
138051
137975
137764
137410
137362
136056
135983
135359
134115
133030
132506
132219
132009
131488
131115
129942
129773
129673
128350
127397
127387
126880
126779
126762
126216
126030
125265
125252
125162
124207
123775
123525
123381
123176
122822
122430
122393
122363
122172
122163
121567
121425
121320
121208
120542
120059
119607
119309
119222
119206
118527
118311
118161
118112
117913
117880
117777
117487
117114
117002
116794
116653
116012
115612
115081
114457
114334
113959
112352
112301
111266
110738
109373
109109
107905
107707
107019
106506
106424
106422
106363
104190
104027
103979
102765
102406
102274
101819
101342
100581
99718
98554
98187
98113
97918
97742
96919
96669
95979
95213
94989
94355
93778
93361
93303
92942
92834
92289
92229
92151
91703
91229
90760
90459
90230
90224
90042
89568
88699
88019
87931
87766
87481
87262
87259
87184
86868
85884
85214
85171
84285
84252
84135
83967
83842
83246
83095
83063
83059
82597
82529
82080
82036
81892
81855
81708
81632
81297
81049
80700
80437
79960
79896
79440
79058
78664
78500
78483
78435
77642
76345
76278
76273
76204
76200
75834
74607
73883
73511
72879
72448
72076
71549
71276
70904
70892
70749
69904
69878
69770
69646
69460
69197
69034
68932
68400
66578
66197
66082
65795
65599
64130
63973
63942
63562
63195
63114
62963
62315
62234
61588
61575
61185
60909
60797
60444
60346
60314
59870
59702
59129
58945
58442
58253
57824
57623
57271
57088
57012
56988
56961
56948
56671
55986
55862
54788
54584
53736
52793
52515
52260
52028
51817
51410
51162
51108
50676
50366
50347
50293
50186
50085
49973
49589
49328
49101
48700
48045
47810
47651
47202
47031
46344
46068
45809
45752
45557
45525
45213
44780
44379
43798
43505
43438
43357
42562
42191
41517
41431
40747
40628
40422
39525
39294
39119
38756
37833
37769
37521
36578
36349
35854
35104
33978
33949
33442
32891
32160
32127
30663
30168
29739
29708
29011
28875
28788
28722
28104
27980
27759
26737
26408
25650
25450
25293
25165
24678
23773
23395
23389
23330
23190
22205
21962
21351
21273
20925
20692
19599
19024
19009
18839
18784
18407
18199
17793
17744
17599
17514
17428
17161
17009
16341
16088
15409
15071
15036
14306
14058
13713
13305
13120
13082
12840
12668
12128
12059
11721
10898
10863
10309
10103
10078
9938
9901
8845
8694
8607
8538
8492
8339
7118
7016
5876
5645
5139
4652
4596
4266
3999
3318
2600
2127
1964
1572
1442
973
448
