1686581
1686704
2890436
3359853
944128
1387657
1163423
1879440
439307
3207601
973310
1707372
1101960
164723
2032998
2732564
119376
555818
1569639
2721805
1196113
1302018
1239787
2088734
976822
2478874
1834258
2783540
1493432
2195758
2337077
1308675
2438002
1886356
1254020
1045399
1205238
1332669
2041526
1018398
1863299
899334
1447775
365664
2880701
276601
3428691
1141855
2859762
397801
2141952
2386614
729757
2424758
1045302
1631320
909038
42521
1598189
3279418
590505
2712066
1593162
2625048
424110
124234
408742
2758153
3089397
1673901
1408430
1733707
865232
195570
3163626
1137510
1417000
1171526
1015149
2656044
3314219
3234308
845371
1480054
3443373
2641019
2213918
3057508
1931227
2625181
3110622
2121098
2339499
2277188
2855316
2568370
3091409
1800405
668346
198154
1085589
128717
1000786
461259
570904
2178893
291382
3290640
2679715
2623790
364946
80691
1314487
2337118
891834
54770
980578
305104
2028183
197422
1979166
1916595
1124138
929786
2488817
2793966
2428745
489134
1387227
1893658
3409324
202143
820179
1285345
3231178
946649
3318891
2359785
1076740
3340563
2873666
3220860
1885096
647369
3319180
2398309
2036929
74958
391627
485087
1669233
3319046
1286864
2794676
1215774
2650278
1036683
2827883
2427396
572349
1095652
250903
562277
628087
1573706
1502513
2102171
2008917
2103784
2316182
3086383
2380302
1754778
231181
1465786
333384
2573133
192787
2254578
1997458
317131
1435162
3288568
2857754
2848153
2023014
506816
1587757
3200760
3242235
263549
2734843
1265929
1238077
2081341
1276694
634509
1086763
2649439
1860288
1972630
3329957
1357046
2768149
2121796
2791199
2670129
1254497
3091647
3304076
61171
2446017
812046
1650250
2004295
1776912
2951423
1660599
109088
1965589
808609
3384217
1772990
2764474
2879951
3089682
64462
1916179
1940447
347333
1119445
1714680
1139136
2800171
2748932
572418
497405
2893695
2975475
72047
677366
2362621
225721
1001333
157529
919071
3256696
1610775
3073023
1078353
2329939
1435941
1493185
104490
2479025
729333
2902983
863248
960462
597518
1504031
1469154
1688679
2041470
3228186
2659568
751041
1796432
2843218
962935
3413334
1989715
656402
1021249
490400
1104903
2545178
862373
590052
1764878
1393483
1229821
140728
2050653
3011486
661968
788839
1518560
2819973
3337556
2927741
826060
2398639
1652278
1416972
385273
1073358
2170891
2173828
456918
2574364
1686610
3252273
1908038
1859623
2578900
799758
2309156
1616442
1163197
1089296
248398
2260428
487452
2594698
1438057
215313
1182914
3376821
2172602
2371716
808465
2973714
1387202
988275
730650
2330266
400980
1321754
480163
1575869
2977809
1303327
681197
1100738
80275
2251390
2220724
2989957
2956216
68495
3383637
2019573
3094239
3227169
2876303
1531813
3350410
2207207
1510276
2630760
34717
2280737
2340195
1230718
879120
2089845
643949
1703200
3256464
83122
694446
1212111
3309999
340017
1996760
2716401
2567843
292326
3157405
1651240
2014356
2284277
1428259
1966671
2900405
1983910
2050439
863298
3016689
1437761
2420072
2531103
1748741
112752
2121759
2332772
1606607
2834735
1268111
3230525
2551317
1258273
1556136
3054039
2440501
305954
2136031
1092805
2870347
3452202
2670684
1706589
2266930
320718
2192058
1792680
1676526
1285719
1302377
773119
2400859
179212
2318602
561626
3269944
1106933
1411409
3082476
1020456
2422949
2869966
2144185
13140
2958994
2184781
729985
1397810
1759447
2243212
2758756
3188375
172390
926150
1037393
2395444
1195141
2899170
3175847
160585
1258240
658804
2261426
2070671
2477739
2239761
477453
2515644
1508316
2652897
2550061
1797505
1214760
3039492
2769473
1219850
1076148
1955231
1149248
2364579
2825667
53259
2741862
700648
2057825
1923894
2777503
80818
1811235
1049352
3292817
1127230
942804
589572
674349
1103509
248481
22193
476312
2928582
1415554
927034
2959260
753137
147525
3072499
1456122
2814576
514357
2140565
2881642
2218929
1777158
3361721
2726212
2398853
2224533
3271748
417322
961601
2118936
1222682
2513628
3430786
1113719
2330967
1346120
3309270
3077764
586801
2434385
2339917
2539530
117868
938986
1795370
1989600
586747
950991
2599067
2522431
1030
2379209
734187
826704
103447
773950
2359463
2296512
3006534
1364317
693029
913412
2759807
2739154
1609706
1817286
2137361
738125
442716
1714080
1647360
3065612
1965403
3229503
990199
2596094
1694715
204631
1793339
33916
909933
1988745
3334916
808018
2165815
517739
1360311
2532865
3118982
724305
1149225
1048371
3053824
694078
2156148
2100335
494203
8047
3266196
3162343
1594984
2123240
1982487
3300890
2097786
1942485
2143717
1015831
1509950
3196162
31450
915229
1244138
3090419
2438292
192771
187276
1147158
1321439
1047741
1645851
1588250
2766657
3368445
2138295
698178
2997041
2230796
1742543
1197962
3301000
2966220
652822
3241407
678992
1471241
3253881
1327188
2295991
756108
2445524
189219
579307
3176739
1068391
144689
812065
2498398
830664
2833837
3223819
873916
2787793
542417
3121817
491916
1066802
2397143
2445264
1363239
313377
2638573
69602
1204196
108747
2542647
1965686
1083619
2809045
1684525
2449419
356759
2017124
1824166
2935739
3052911
386503
3026781
179492
728043
3321488
3007953
1639124
394480
376235
1038834
2008942
2629385
1097142
2185754
1015555
2839000
649789
2428445
2551435
2842774
869134
2642170
900383
985587
3260657
1312278
1408408
610366
1326018
883515
232790
2970422
228436
2833202
1316257
924723
2069815
1357029
1883887
2083552
47129
1792024
1191950
2995859
1644129
698056
1776449
1248398
683854
428968
165668
1528920
1058923
2822359
1833908
474177
67795
202994
163271
1093667
3090992
1854120
1175196
1728739
1172185
1951954
2082386
339223
2667406
2354273
1898624
2457075
2248658
1214963
878399
117645
1761126
1054262
810762
2696499
1820933
2647791
2452817
328641
718396
3022030
1343245
3371626
1044528
2648651
989921
1960094
528424
1668810
1471052
101292
2184030
353900
1649822
1504330
1772697
227466
1140289
691020
907692
827824
98050
1137575
1492951
2588943
1997962
2313669
1538969
1151238
213408
2617567
429480
1364498
2801995
2190894
1270029
2314866
2861274
257325
2799966
2814576
2508009
1714193
1589015
2438253
2174778
2055087
1781343
1363981
2107881
608402
3268721
644654
1798207
2580845
1556096
2565709
395610
716069
1344697
828543
3419600
2519688
1854336
2181381
2831150
679825
407520
465383
2644344
2254046
3293277
1404931
3153154
869080
66454
287052
2348634
2739990
2877680
1027167
1209747
961445
138606
3283721
3370618
412406
507484
435689
2983020
1699894
2623573
429735
3137527
1702516
1712088
512681
2292324
218317
2855528
2370387
886197
370270
516670
576834
2982364
928826
3102306
1875414
1278993
3332483
3060212
408436
1198983
939165
1734621
1450057
1286
1012426
1386234
2050607
678775
2710350
1525833
922960
2198863
2577082
1062482
876435
3148736
515355
1228845
1346857
176663
3351615
3181347
1831497
331385
202377
2585777
1793018
1664183
1653959
1273507
196853
2325252
621931
2831591
3028784
1844297
3337518
413453
1994696
1419432
2146238
2282176
2932145
1879610
2009428
2424391
1625918
1301646
1209595
2094927
3413714
1245346
2574019
3356482
1674876
2337496
737408
796027
811327
1264446
777722
1143760
3276173
400008
1001303
2988108
3447056
1596785
1191552
2393160
1160518
1040593
2995755
1017920
432140
1599002
656202
2219096
1820327
1245562
1704661
1998696
2818430
3328610
3110567
1341783
597229
2237782
767123
2555369
2761305
2244089
645443
2235667
2035511
2073444
2570385
1637050
146034
1927929
2555740
692489
827686
741214
1526432
13873
717051
568980
2078431
1208663
35855
633688
695802
2707994
2655897
3238547
2220405
1642406
2944970
1349328
3213499
812266
29342
2448796
422964
3168050
3284410
2274907
825057
1848478
3384385
3063868
424391
187309
1391704
3270085
1180232
123473
1422871
3453730
554398
978596
48165
3452878
40034
957308
2801995
238966
2615660
1603560
1218697
1404229
1306896
805382
