3149196
780601
508026
1330195
1408971
2827474
206666
2686523
1247364
1848457
2782382
1801804
635285
1785580
3213534
2465621
980957
936876
3184221
1648556
1300586
229675
730361
892553
3301300
3356165
3202971
367858
177518
424262
460847
2888412
1759735
791095
1669987
3135060
367364
2133081
2104686
1971219
1480793
1419350
1402960
1241457
2929696
3142067
377441
3234430
893979
1009115
1464027
2540341
1408162
3437592
194611
3009562
3134027
2268069
2347331
1876553
572488
2796441
3389991
961738
2210125
3319915
331378
1005385
150650
2952342
1888403
2284055
200635
447394
1806883
1587351
1297136
2787568
987814
2541329
3129144
3283524
722079
1664877
1635039
1535735
1816019
3306548
1139464
1923918
57904
113094
4922
2541885
2614450
1140538
1028202
1451450
622312
2169480
1551544
2024758
2614911
2051539
852017
1907135
956213
1475909
2713276
2717446
1264360
3075772
1911336
1793229
437275
1034312
2302128
2585390
1889102
1100845
194672
2650566
855432
2136185
2228445
2004859
386857
3087614
949139
50069
1357038
413328
3202863
1499108
2178546
2758357
1266503
134323
2641344
3289872
2242466
1603301
1762109
3302875
3034498
386835
1349528
760792
1974185
1428267
3057605
2609143
1148587
2190881
420580
1710902
237345
1736205
1180289
1400051
307222
706536
3239057
1931875
1548187
2133017
762839
1915883
2505669
2938614
497081
1225089
1034423
320631
1951683
1391734
2309747
1590731
214706
1492185
3171789
420845
1695544
314859
1493268
3428842
2602003
2539196
1009899
3410790
2438332
94652
2934280
1545859
1436505
2781864
982113
1821046
1137624
1298858
2650418
901884
1690553
1933130
1369352
2859301
1856845
162744
852483
484984
1386675
1269290
1993837
1787265
3170868
398798
274431
1127134
1107690
1102552
3339787
500896
1405736
2902940
1418289
41320
1028720
215928
3400545
2551593
1207524
1824864
2315935
2286796
2076546
1002372
216142
2687782
723061
1151485
1477699
1119795
1209949
2445385
1606790
2857755
2223606
64667
1358880
126522
3321968
428768
735180
1071209
684178
1846754
1444383
2520882
1278113
1296179
1474575
794299
2712213
2977127
2866481
2932827
1371702
986455
8130
138677
587714
647523
3180394
1079763
982798
2599218
1111290
1445797
302614
233820
3358003
345257
3180280
751618
3010349
2964277
1856041
3134844
703827
3374667
3303987
2036853
2742842
2544322
1973781
1172124
2468130
296832
226332
1219464
2687496
1835229
460600
1817079
853576
2708578
136237
3017072
2349585
1356191
51662
1344863
754130
2191602
1122159
1596905
2165424
818148
628611
2986438
3027737
2966387
1271240
654234
328384
2681329
195730
2253583
1560438
1995671
1175620
197908
2094495
83912
1876789
2588831
2545438
2180008
516508
2117058
2599127
2061742
2605763
1535835
3303913
113612
630753
2766925
3230465
1577523
3180332
739958
1231844
3353521
2874772
198430
395298
1754562
2756421
1616354
1194733
2530426
533885
26080
1734494
663450
416311
2566290
2847859
1596834
2105043
2415294
969321
2294034
718436
2153090
2987598
1044072
2481587
125336
334784
2030690
376013
2486921
981569
1407354
837019
2794252
3318122
1004060
1331146
1778313
1097494
3061202
2211031
401859
2964795
2001523
618891
71515
2616043
2163602
3326578
1272452
1166678
189611
860745
3103884
2381778
2461845
2592073
634995
1400340
2151633
752839
2779596
3164608
3051884
3282898
1014881
2912916
767568
1806206
2676335
2626754
3283166
2633629
3091948
1890252
3108003
1289704
201627
2505466
1515334
1088337
1154829
284481
16097
2061166
3292329
1921650
1891770
1408544
3347084
2301546
262340
3312638
1720812
3146925
2946950
3136133
2819793
1124507
1165166
1408539
3158983
2008337
2441230
2767343
118703
199678
2708639
2660288
3446039
3348896
2882769
120274
2612239
3140596
2480123
2154247
1001999
3045412
2372396
3126237
1574274
248448
3123072
2011270
1726082
2434316
627108
2595232
2298773
1762170
1962314
2591251
3390838
2845960
1829462
1359169
3320822
1024849
2135714
695215
373657
146555
3357020
465153
3437461
813840
3088440
250841
2275334
2847610
3387253
2804044
1299812
1191736
1421001
2948960
653822
1229542
1089555
32144
3314643
2491705
1188976
1031638
641101
798433
193986
2830126
741495
1119876
605422
2604650
296678
1412339
1906242
453638
1532007
1809386
1036672
1809558
1934584
1088873
873790
3264142
645496
3186897
51233
437353
3142473
3173730
1685445
1506647
3221075
3149858
1536449
2395380
2624001
531575
510225
2982281
1885512
1988471
437711
253223
2434348
1881485
3033069
2006614
166290
2756866
631109
724540
844169
1771593
3227937
2053114
2961254
3004242
2045558
188022
826831
3100196
1661096
312086
958579
1971440
1629820
1027291
994490
2060136
1390534
127964
1921825
2769188
2300422
2920968
2692857
3009507
3305119
3291782
1113919
1184369
1207415
2219338
1891961
1706490
1217233
218442
1394210
403268
1288231
164626
1368487
2355112
380096
3091462
2781861
167634
2306085
1715364
737360
1301925
1353498
878370
1680944
3321289
3430692
1047906
3186418
151898
1904628
393539
1361065
1731280
3093583
2776680
3159992
3074914
1303628
1080170
1942168
3304099
115145
2919068
2485400
3181520
460133
2966517
1299783
1636992
1722718
765622
3122775
1639207
2793937
1905415
160983
306317
3039796
3361106
2575643
2925126
2722
1653130
2208458
1582798
1634451
3423364
2050094
1645991
17552
657554
2367652
222716
2562106
2660793
414343
659111
479393
121219
1972837
841598
147246
2178200
3140631
1814302
1417199
29166
2075956
936070
1303895
1935047
3345336
1456919
1552421
2130425
3262830
3131442
1660712
2041881
1175590
2651427
1161552
1027774
1288892
2159420
966329
2473192
1307995
2351816
1979695
5779
1503642
356259
3209838
337708
46643
97962
1101099
1201594
2233786
211148
2596932
338591
317179
96667
1898731
2846465
2807530
522512
2587016
2572489
921961
3260550
338581
2272014
1334524
1952922
141924
2973712
700103
3130179
555458
1665432
3061728
853376
2657057
2886737
1701276
2343944
1680741
647759
1627397
1528481
2605540
3096154
2115909
2470908
2878814
2835323
2613308
1821624
1905851
1078353
2361139
3236729
2037343
970361
362355
882421
3347040
2768887
1733256
951555
3226756
2286965
3263644
3369797
1724023
1252505
375009
1037560
2893530
612701
2971043
116941
2915845
3397383
2079588
1701060
2056125
873912
924919
2184057
832972
1262235
1998550
1447998
2132165
2988227
2939087
1727384
970760
126791
3530
2702875
3259316
1041702
2252087
2703357
1692826
1290302
946369
1608659
1926392
2723470
1264629
1208528
2805594
2531273
965550
263432
795314
186491
478166
2590262
3181295
1825255
1133946
1603921
1103991
2524622
319321
3262462
242374
374773
2053119
1982148
509999
612115
80682
1062537
1809838
1138929
948796
450118
2536343
2913272
3030822
2335670
1816637
2084646
475118
3166151
1760647
1342656
2825528
935367
1026780
2207123
2136424
472694
637970
1395831
1996732
1192182
1523684
2004261
3090374
1255266
1320526
3435012
1322127
2745969
1135198
1965998
2535541
2981943
2989745
822770
1001940
2576310
2075679
2251932
323536
3259442
2304788
211403
3279141
1683099
3133243
373164
1836399
1674054
2412683
3450342
2124204
1667938
3421653
3200057
2341647
2427902
2594681
1502881
3381984
3265276
1517998
1870944
2321413
824483
2108108
1932101
3239462
1705943
1088041
763624
581559
231111
1703301
259185
2429081
1470190
2365088
1925872
2325372
1423799
658239
210636
609533
2347871
1054667
2799436
2246872
1123199
60255
1985850
2340048
2645736
594720
113428
1821392
2978398
2772931
950511
1657123
300535
2135271
1555221
511630
2217132
2988256
1653942
1073672
3112191
3206312
2980060
2268753
1986659
682459
2279900
2197917
556584
1912710
1578241
94988
697257
1668264
764161
1260450
772709
1513604
2086746
2478518
2385105
316172
935657
2651024
2861393
1255973
2529793
1131199
282344
3196770
80079
3274248
325367
2264959
2068979
1573032
1827098
2886971
1217463
2493205
991693
2077612
1726607
624627
917063
783947
954648
3290301
954069
2706041
3440088
952100
2443820
1294879
1168488
1287384
204013
2103039
2114398
759443
503916
471345
461342
1349864
1321757
356192
2222842
2314565
1967160
3132384
2700238
1879465
2823690
3139480
67589
888936
3209699
1962276
708100
1861968
193575
908231
117920
3205547
166255
1271191
1886552
3290716
111852
175661
2219234
902355
1864452
2386295
369933
1366907
2936082
2081644
324739
963198
3147316
736271
380252
1084268
3377476
2963097
3154679
42030
895086
1548351
2265378
2195634
2336647
3371441
1371376
2052082
1864620
1208086
1835773
500270
2932620
2675898
716477
266017
2690572
1160232
799187
707937
1677720
3177722
1092901
712336
1071775
1843391
2547895
1359376
3170727
45104
1064958
1596156
2708506
1662220
546448
1379303
274034
3119871
2559504
3244048
816241
116238
1513150
2466012
2548999
1356618
507246
2435878
2778005
703777
1563935
3304087
2134265
855123
1382611
1636274
1272382
1503966
2788394
2215322
1371178
2940113
1561740
2053810
1856698
1944896
3434056
1874844
501787
3315153
3337876
699379
574205
2815383
2148991
3063566
1933686
1794829
2330154
2289856
1652143
1616420
1516763
1081047
2482129
2609834
2931219
2983687
316840
2372571
1686569
844962
1177989
2547037
1089994
1296509
3091921
1167636
3301615
1737873
2002677
2325066
615127
2351792
2869073
1794064
2979331
1329203
1834463
810284
406650
184062
2289575
2949447
455478
1541537
3034120
886071
1643508
1739182
1897238
1178008
682908
3013610
3429829
2507058
963000
1963815
2298112
852347
1066850
2103561
2975575
2211375
2373024
1073876
657555
291144
791528
2503909
1180455
2772567
2233619
2852547
2033251
1083779
2473379
1128511
1253572
2093989
2204018
694347
611014
1028647
734959
1708170
2973723
2638100
2468986
1946198
734846
181591
2428284
2972763
447438
1871911
3087941
1438830
2106786
1765733
2068254
2031774
760817
946704
2231468
3235326
2978847
2416918
2866397
642316
752989
2483559
205589
197453
295325
2043059
42596
1061412
1099231
2552963
2425990
886125
1867895
2842964
324772
1972136
813192
826542
1892281
1881855
221902
359638
1994069
2724275
2094235
2843870
426259
1530475
2646249
2608260
2791210
2123895
2544380
2073220
1779368
567167
1161125
2212472
3086247
1516093
989652
1665420
2029916
1922162
2065602
927684
2834481
629029
2344731
3280379
2131950
2530170
70793
4659
3077343
2189989
1543954
491101
1011078
879577
103640
2549487
732102
2885436
1288442
1256791
1811278
2422069
1655447
2210681
957998
448670
2953592
2769356
119222
1128469
2082345
1536711
2726120
1207129
1523375
298165
2608429
3067494
3027581
2886053
100364
451198
1671156
1894585
3017774
870455
1393459
1863457
1188007
1132971
814959
2551392
419158
3409784
3046056
3299825
2484675
2223831
2160856
1135155
3235816
1427433
552480
3195677
53069
1907034
3383371
1043247
2435157
541268
1225606
3081420
1230511
126791
1529242
3157065
984464
1525201
2817930
394986
453229
1922710
316281
1664202
3259464
1277355
440038
246589
1436695
3225909
3176554
3456480
3176563
729531
3146450
1214332
689689
189348
2499703
1752121
377534
509303
659423
2895076
340874
1108770
276043
2194642
2752943
2225137
3432239
2598233
3113113
1879068
3394615
2873429
2364421
208809
2722005
1327301
1485821
2716201
861738
893449
899322
710687
1751463
1655210
288106
2040381
1239863
2523833
546855
1567396
1750106
206540
2947059
3338737
3257321
1102678
3450100
1534899
1693993
2345125
2229763
557411
112292
1766024
989488
1289599
3032977
15812
1515943
3309286
2315624
823983
2391688
1208198
2415904
2425205
1327569
714594
1488851
1398783
2276877
611868
452251
3103188
1117313
2099425
496850
2552039
2496297
3329370
507885
903867
3002648
2029563
1193721
2770081
309344
1506300
892563
3354824
524022
1053712
227123
1737121
1064628
2338538
386804
1797732
432910
562407
2548400
670795
276079
3433820
935044
778910
918148
3328044
2330080
3299603
1472549
1541199
1025087
1431648
575476
3435731
1970559
96779
33856
3203183
2816018
2390050
3337182
1225284
2211112
3123494
2653902
272670
787470
1520723
1474336
3252431
2054424
3036374
3444393
1449805
817108
1414924
3214126
2298516
412824
2819477
2706985
375071
1458577
907300
1067887
1243084
2410747
1117124
2297031
1600782
1442249
3416100
550408
2664438
2667880
936796
358047
2060882
3221215
2736968
250205
302330
3198281
247621
1928158
803118
2364582
1517329
963975
2178968
2416749
1606370
1877091
2301406
2888505
235215
715864
3075986
742008
3362732
882194
1265665
436696
435763
140933
964238
254855
1547273
2208999
2490988
829897
1720540
700604
841502
2310282
541545
346736
1631926
2223188
1686487
1227675
3072175
3269839
2034265
1732350
3134997
384123
1376367
1604838
1203542
3058106
759680
674677
1670674
2675997
3450560
855895
109507
1329871
901783
2925209
3176557
1008075
3011955
2126083
789977
2809365
611591
3422072
3451835
2847410
2478004
1683647
768701
2092398
3070239
157840
2440401
278233
661157
2322515
620860
81151
1676163
2087707
2981401
1878648
531066
17614
186061
542532
1300607
1279851
1415890
3452620
3139278
2292997
471955
197736
2856702
1351034
2600270
932583
1499900
1338516
2264942
842787
801126
3446561
1293207
502111
3224099
1194063
1042675
3003955
210199
2428589
461820
1151141
1792311
2630223
798034
150150
2294181
1642298
3150726
3058625
214743
2698813
1559742
1853492
579637
1094231
2705764
1634252
1156957
503647
2339624
1065882
1873828
991652
1743746
1323918
612567
3158103
2332265
98594
473647
3414665
1956267
1491011
209152
1457336
3447358
1622575
2021048
2208024
3173556
2762849
2556683
1641776
2053388
2116369
2026851
2946968
2439936
546192
1798041
1539599
320678
1910610
2209195
1853366
1984365
1694955
2288669
629362
2870126
2100087
1367320
1453227
781812
1705116
2791007
1868804
2472276
416721
71242
2535171
311099
3005236
1885102
346528
63826
2386663
551360
200047
2981245
719584
404117
3132030
938270
1840744
3069656
471834
1986753
1867573
1672390
2749565
2703260
2787475
1027775
766063
3430198
96573
1232015
1998089
1201146
2708272
705479
1086798
2760681
2372679
3424308
1155477
1050302
1024245
565508
1932765
1086879
1149434
122757
2516469
859671
322960
3362628
1792195
2197001
3160715
1563912
2004997
440294
1956419
1101082
40366
1722575
880423
2528242
2827058
531673
2024246
2193418
3087814
1866697
1170423
401484
2555359
2977060
700981
3227454
2455735
1705380
2134327
3254934
288285
524200
1683629
2629999
722980
207189
2856919
3182532
1531951
2206818
2435772
2254639
2198178
354013
1797777
271997
3061708
558025
946792
1456595
2844026
2545283
2078353
2049317
1399058
2064977
3170615
2640170
1207608
2467937
1242767
3349933
351211
1441272
400778
485645
1146559
1717046
2221733
1697782
1084278
3037488
2141746
1258121
447857
1833290
106628
3426371
2730328
626986
288725
3286166
1305841
145006
2579074
1880663
2409167
2074886
2493591
1536917
156833
2768145
833808
690645
981800
2766100
2804934
1945824
475836
3340201
3413403
1443428
2278622
1325651
2310095
629125
285830
392631
162490
855904
3102626
3450335
179226
3090360
2968141
97844
2898368
723919
2763573
3177699
3141466
2046895
2987864
1344788
1732705
76846
1953069
1406838
1753164
1030092
2989699
268749
1160194
951109
3283874
1752992
3083768
2239529
2916323
2720573
2798659
1144656
725472
2800675
177124
3213762
1613880
1671567
64904
2886159
2514768
868245
2430953
2108238
2888979
1646138
2747143
1617886
1394867
2231411
3426471
125363
1369773
2307010
2757520
1397552
1704844
342798
3017576
2771252
2195888
3141647
2709290
1167280
3152033
846694
3121542
2485701
2932928
3405550
2588943
661931
1413737
396325
2740697
1743945
1532873
685895
642097
3346278
1948680
512944
2256534
1487256
180474
2458425
1113638
2320641
3014263
1869293
2281490
967675
2256301
1726904
3410866
2364187
1032603
2293540
193161
719447
1918916
3076068
48043
3351496
2192100
2857575
154952
2025923
1664089
247119
1242081
431280
103957
2290340
27588
3258421
3422830
1333442
927548
297957
41216
2200959
2141345
3352597
1870480
1234751
1237367
1127466
2187371
3039585
2761161
71394
586618
3061786
3132970
2575152
719249
2470075
630485
1293617
2820335
485493
1027672
1537495
2606024
3331275
1907418
3226295
1706352
1390323
377538
358725
2860716
3083907
4055
2989235
1378493
314172
1481323
1388706
499907
2974312
2083801
2879272
3426953
396218
1058321
102856
1663967
2888619
1959276
1952883
1735878
582670
3227383
3366928
1591316
705801
1892300
1053301
3365686
3333220
3100735
151731
205308
2067122
2393354
1857903
3064255
1494241
2940915
1306159
433037
3388777
779544
3189871
1264939
2090299
909087
698816
2101007
444653
1974707
2512231
2424728
1730951
2536769
261245
2836969
1922930
193978
2360061
2078367
1793331
3321671
2057896
1670803
3171082
691152
457769
3052505
2762929
25221
2699186
2234729
496795
120941
2474682
2414591
3172857
1041025
2157239
1472406
1470119
239092
2756317
2463757
2057069
3369633
988390
891462
2593942
2419000
1091931
1892077
1791647
75040
235500
1438609
1754288
810249
1951241
121233
3067824
1475981
600423
2168935
794624
2877468
3168521
1382823
1148609
2574613
34195
641073
1430088
912229
3121748
45776
2885133
967337
1508378
1581111
2305500
1097169
624160
1611933
1803235
434941
1714828
2670549
2266853
969892
921693
1907399
2789869
2650799
74165
1910725
1070606
214555
2038407
121457
1905462
2775073
2266700
858526
1270816
1483368
3328491
328314
1416715
2521179
1437983
3146867
3456044
1425742
2657469
2127920
901267
2497715
25301
2816258
2162892
2094285
2136813
538822
3027099
1834312
1893985
160839
2852365
1769407
601767
1033350
1426416
95431
308279
248614
356455
2132052
3369938
2131582
2740154
101965
342063
158836
2393715
722044
604599
2141810
1704046
947669
1779337
1054925
3419910
3040121
3350654
1966313
821102
2117923
2945222
568089
3053935
1388500
364021
779088
656939
513791
2206983
517060
3310900
130452
508941
758002
1434362
2662226
1454012
946295
1168245
2498229
557743
256960
2626109
2507912
2817
2771935
1045014
2958704
2294552
936571
2579855
142864
270562
3027908
1970723
3428999
1209591
3003455
1722689
1136235
1680895
132737
3021154
2912768
827072
1881690
2373651
1233449
1199423
2138030
775216
421774
2135328
83125
796301
2154734
1441692
2212686
3380026
2686623
3255894
582462
1311270
3235780
3220065
2464290
3315870
973277
22916
231363
818017
1080110
2940196
2406461
1266115
2497424
1276511
429321
1177513
3340235
1963960
2194905
3346852
1603509
2700325
1137958
293945
1553463
1748865
1712011
3116974
319152
2394627
559326
789892
2543445
833651
386460
820831
1220080
2966883
3419417
53746
2381150
2988179
3095433
2309794
1292795
568422
984537
1883308
1359537
2791925
190268
2164116
402144
1753787
2595743
698553
2032035
1055306
2842440
2043320
95440
1427738
1165664
1232744
579687
698456
1213780
1926141
2781121
1625858
1544868
2549617
861138
3300166
1939694
2111690
2723012
19729
1901728
1611349
1507077
769371
2843173
3247917
1421207
3351194
1367429
3118994
3035433
909373
535675
852133
1590717
132745
3161439
2516747
1996508
3143869
2213729
1544331
1286054
1992830
1382349
2310540
1605006
2515537
2496431
1165556
2876532
2231829
2365905
129438
572105
952808
1976814
2574711
1925781
2828763
986
170822
434788
1030121
3190845
2879572
3142591
1967097
1201905
2172178
987155
1700392
595373
1680973
2161631
754266
2129994
1585353
1090960
822506
1562459
1709895
1299157
1965984
3222398
308012
988222
748793
305984
1372119
2694897
848492
1033146
2730787
2685410
3418519
1767165
2063305
2785926
3035478
305766
2539006
152018
1592286
51923
1373399
1307170
2486093
2737
357394
306889
1434771
2134774
1051066
1573587
2914802
1199526
2863722
549131
2797608
2190234
2687127
2664350
1474992
3264828
624485
1113402
426717
1744349
2931919
3105144
1678146
2066455
1143036
2771815
3225732
2548362
1695124
2230953
236788
754086
32574
1198574
3238880
1982549
2889903
1905021
3351939
1013043
104128
668156
3284288
3229236
1786648
488125
3094299
1813194
1451164
125473
528829
280206
1721586
210284
3267690
1931750
2663903
1113362
3362273
818261
1281250
2098673
1002993
1370485
254248
2230328
1073734
1484379
3291101
2564302
1147916
2228563
162876
1525095
2308742
597459
1598395
3364790
307921
1304469
3344384
547402
3256055
8074
2452115
730088
2964272
1184188
149616
2491666
1216419
3034445
2268900
359001
2562437
3386231
1214
1841673
419658
541472
2363168
1845103
1537397
2711479
2200988
1487755
2771921
2141470
974543
1758407
8539
768196
2138042
120750
362973
2228818
218121
867851
2524447
1045850
418321
1897626
588979
582168
908268
1167006
1876875
287131
464734
1326685
493953
2501916
1382814
1309867
265946
229016
1857083
2284852
499967
2316908
2352743
2620400
1652573
2430221
2942565
541501
1455637
1900503
1831487
2748224
2053280
2034131
2893046
1893187
2263378
2308599
150942
2783545
2153896
113700
2530887
2013779
1493901
1852531
903578
210644
666092
1849256
2313506
821272
347757
2102014
2343614
1210380
3223787
1143429
1807406
1638003
811484
1463446
2261397
108034
1622616
674166
3064490
423668
346012
1922893
355796
434820
324785
1743113
562839
332270
2397106
3277397
287351
1472202
1997956
2312444
606528
2678277
3341015
702675
812412
672418
1752475
2615362
1423452
1253692
175167
2165106
2007372
377031
2508402
1745745
2992123
1700427
2553463
2084356
1838881
415281
1901694
2184149
2184016
1790443
1380434
2120509
2113167
2860998
1427898
2020859
549118
2293493
2452331
408766
1025033
2392734
1286000
1065938
1653770
758318
2881614
2869443
2803735
1966098
274824
326921
2386251
631326
1484474
2311356
614766
881932
616590
3348147
2417254
676790
1984967
1499604
2110868
2635718
1382603
2301482
2210470
1220047
244438
1651910
117810
3364965
2338939
935509
2165640
1000402
1961795
1285048
2651396
826070
2707704
2781520
1949312
1770090
640403
1511965
2662386
982084
1613775
2002535
3317423
1071092
1972900
2020610
1372036
849863
769328
1385089
2124677
660291
2586999
1830113
255857
1457502
3270924
219862
2248590
87784
821790
2763414
1907344
973956
2487782
14455
1724062
3430413
727076
2095369
1559111
3026742
824338
2899701
89990
2957582
1978144
2153422
2866015
1045687
428956
516662
2720575
2872697
974793
2798673
833705
1725084
683304
2740282
1513057
748255
1841765
539730
1169881
2370261
2057365
1613643
1807256
3096868
674551
1119861
1659327
3137184
1210459
2161677
1365541
2920427
3318650
1467879
1129631
1263339
1247553
3409967
2503833
528579
537537
1274830
286354
76885
104088
2509380
719667
1469263
2465327
2543657
2669406
538930
920031
3245923
175028
1255569
1058409
2535661
2740916
2399028
3315172
2669768
3068729
1898049
3008225
2723299
1915076
1654068
3077983
2034162
3009029
63969
85352
139727
1421499
2626381
1150582
381165
1417102
2946529
2461419
144108
2246777
2370534
283549
2227336
3321441
2090062
670365
2942984
1924956
1036393
2986153
195491
2571995
2590966
3249215
2214380
1970899
603873
3342118
2265794
3048545
385737
92763
2052272
2451062
2788974
587210
2852202
2292973
3141317
1536448
2461308
631576
762624
1663579
437176
3273660
890961
2495769
2328191
1901276
1581555
3359689
762855
1326132
2411194
1559994
3176966
52995
1078238
1058852
705420
3182485
574073
740478
3043147
3314466
3186934
981081
2743381
3051107
1847746
3430744
2380816
779342
3415718
1918810
2484755
1892736
1459779
331206
189763
107028
620073
3137183
1733377
2268411
1943115
3439327
521744
597318
2868233
2613145
2287130
1239410
1380740
2878016
1174599
2781224
66288
1607806
1780292
141727
2343960
102320
3375405
2007737
2201403
3211934
1699735
2968619
231448
1870287
1823625
1705030
1419919
1575852
2861280
3084018
326791
529157
2599813
3341703
1217163
796542
3427589
610578
1546025
1678577
2314876
142235
550755
3376123
434181
1350194
989042
1659662
866054
917403
1628088
1140096
1203057
3367565
731825
3200209
3144654
1105598
963235
3138219
1770867
16892
2236459
768815
2354960
726591
1864095
1540187
1560364
2765518
496328
1979737
2587381
459096
3203040
1400685
1514836
1678967
1864199
746157
1430102
1991728
28842
3359649
1807486
2178310
1036645
3299108
2290309
697212
1451548
1423516
2511155
1288364
2193328
277688
2216499
3386771
745138
2342108
2963607
273074
902117
2146423
1290880
277313
1627531
1044796
2386075
2379896
910117
2281900
745049
1633775
1168032
3064533
740697
710593
1298505
2947114
1149334
3105215
1564787
3009640
1563656
3283464
1214097
640501
2402648
191604
2049957
2639205
975589
450426
309979
1071883
1116793
1679768
2314459
2775769
1017043
2353848
1312766
3423795
2947702
1762488
826104
1655780
1156567
264633
213860
2437612
2283474
2679280
2940763
2294393
292585
212084
2810474
1769248
1850861
3107070
1497034
729388
926501
2798945
1234459
2721361
679659
2442915
1945936
3265803
3327717
1016590
3004328
2993364
1033358
2786660
3315007
2231692
1426074
3049565
306032
358422
2947514
1492975
732143
587199
1770451
201511
1506863
1429339
1499825
114443
93424
627928
2848797
2270622
3432171
2029145
1755561
2810339
1940671
2684528
1512001
1001584
1816810
250525
618142
1764963
1324110
1388901
2284693
2634552
1396522
1659205
3007221
1249742
1427653
3007473
810541
282292
172171
2780723
772997
737997
3010293
389500
853424
829823
209660
1191716
2079067
665681
1510443
860283
2388594
633629
3043345
1413829
2513107
79960
838375
2385162
1761202
1796074
2663371
572978
1568232
3434426
849394
990278
2201158
2876125
977944
1167740
955730
1315116
351970
54726
457016
2101830
317644
3247874
1534185
1352419
3332734
3105786
1761782
2953601
1565011
940803
1502959
1682398
1266893
1433077
2273376
1735162
1643383
3160600
3205130
1289001
2231978
2225385
767653
95912
1823854
2286154
477580
3428443
599929
1258566
1920129
173291
1190133
1827703
2472238
1675632
293120
2214480
44512
855035
383134
2838281
2916142
117594
564203
1416470
1565740
654428
3386743
1120166
514302
997637
1442439
2129055
156229
827039
633532
1696048
766385
1778032
1588413
3176771
2483148
216271
1683987
1245229
1916087
321675
1714984
3438820
1515340
372492
1063025
3197920
2348636
2642423
375263
1741005
323121
3233421
40323
1105407
194182
3375217
3068389
2759590
506524
1001908
1547708
2617522
1320576
889585
2643596
2231361
907243
2225072
2285541
1134154
1455734
2622426
1050156
2052693
2976249
2259905
115669
986239
1361919
2480069
2384836
1929134
754752
1924365
2287192
1617228
68005
1922186
2247714
3326147
1766769
2325703
2580329
2205108
1135479
2876747
2237040
2809410
328860
1104742
465394
1583752
575659
2497458
1473547
833374
911142
766553
1855718
2530158
2618962
3445975
3147391
2551237
3439126
2199684
215411
1546148
951372
1223247
1142991
2356610
1533709
762158
2169512
1132207
2889560
2047669
635536
877815
793483
2358115
3184185
1338669
2265482
2190589
261521
1233014
2407838
258339
1502510
2382025
2405521
79766
2869222
1197796
2135121
2481503
1080487
2137994
2654316
3410642
2784906
2171071
792232
703842
1230170
1866634
2057223
1809506
1680178
683868
1180910
1601331
2665961
2457945
1749931
2912646
1086952
643862
2016574
1638853
2572326
1637953
199379
197227
3406021
327752
2733415
322080
2700214
1256533
1565442
1645588
935365
260444
1649940
737314
434178
527016
339582
2559170
1406174
1323834
2712294
1621412
3262949
2778788
3154773
3384975
1026308
2364229
910082
1032991
47808
421826
2661222
1774918
549519
1385291
2035542
2938338
1310953
2664604
1505898
2350409
674699
766045
730747
2576850
3403626
35269
1248552
3231827
2571221
2841806
1846747
3145883
1160946
1623680
3346361
677006
2674362
1657348
193742
2448920
987590
3165643
1658290
1426392
1945905
2739123
1859496
100541
921076
2850880
3401699
3238184
149532
1745324
555622
2451766
3204598
2721585
176933
1952406
3162601
66712
3175708
2527172
632228
649514
3398163
1983165
1430339
2997393
400876
1022485
1067817
2963790
2448473
153209
158350
3129102
519997
1739387
3312120
2164270
2999610
1134035
1847074
3246779
3108808
686755
1548527
2859333
322557
1386911
1383774
710488
1118531
1294238
794197
21790
424192
1059341
2967568
3027184
2834856
1431484
1563559
158342
2478947
1416423
489219
1906580
2226
1375393
278205
1837351
1149746
1406985
389359
2420701
28929
1904515
1398390
1487351
674324
3203124
595487
1248207
1810823
513823
2360504
1423983
723252
1754834
795928
1760666
2200193
2565004
2276935
1721665
1280751
50078
2427779
556503
1739305
3317279
2722956
1690361
3279393
3008281
310607
3171406
3158449
1241618
528637
1239921
783474
356886
3017979
1129810
1321874
3163028
3059915
2286265
2928374
372885
1444666
2217657
1556147
2119968
2707833
606807
1954918
1777263
2814698
1319555
3097723
3086834
633189
2427522
2199088
861842
3402188
383627
1771775
3119405
935292
1977549
22381
2188766
1129414
111229
651147
1052681
2365182
1528459
174684
194279
1288610
1879324
2364108
1983947
3361191
1850207
327975
1982140
672626
3249698
12949
1195501
387164
86550
2896897
1049504
1372019
960223
481032
2609575
415188
3152603
787184
896453
919539
1692068
3196262
468991
273099
1244403
175587
3227790
3430675
597688
3194786
1892217
2388390
506132
536465
1932203
3017213
854520
2211886
2443299
2281114
2062384
1465429
2537852
1539588
1659802
3251326
2529980
1284118
3289484
102733
1032912
3008377
1299490
3038844
2957817
733310
646491
2060154
2536409
2028372
2280249
445067
1878591
3260926
2140497
3378190
3354281
2896135
2674224
2181234
430158
2641959
480314
3388119
2150244
50589
3312870
2218861
468505
3206327
1820461
2955143
872176
3181661
329099
167306
1420666
543617
1817086
750793
2507699
2904434
3239895
2180508
1399020
617014
1169202
1056944
3059163
2418632
1667667
1573725
1519798
497630
563289
2996839
927708
3167805
351036
1703186
87276
582016
4319
1667876
453587
1671822
2726903
3171333
2489681
1363664
1123972
1103969
514902
1968111
2668171
1115317
739559
2388848
896692
986212
2301893
1851197
3042203
38859
3244216
1422032
1174285
540360
534267
3294720
3142179
736455
1762071
2932138
542801
2524342
1903084
927997
697355
1326862
442850
2798506
3021586
2317232
114340
152780
1232222
1024886
2390294
507004
2438382
2195472
2840476
1154083
209493
3250979
1127471
2652700
178513
433168
1237383
688209
3321235
3074679
1710060
1440092
3316313
8431
220054
840846
540277
268406
1838572
375415
2266030
2880872
2659663
2440017
3024414
1999720
1161693
3051856
1107579
2683763
3259972
1880353
2979490
723202
1817958
1709948
3281217
203757
1808629
2771728
1245058
2478650
656256
3021883
776391
274809
608912
1616818
100002
58046
1920590
2168093
2056102
271056
303989
2300225
2194349
3288519
2140785
1585194
366115
3278466
1328366
1651207
3059770
3447288
1311573
2268048
2531028
3376525
1026174
961225
852224
1796565
1854633
175291
2188277
759030
3278700
364644
1336571
2322298
731325
2297715
2216251
1181993
450901
2156126
2223186
957167
1038157
1561987
1845672
425741
2291422
1762689
1721204
1803688
800474
3322621
806999
967856
314010
2638783
1800007
813106
1567504
500988
332466
1537702
2797066
1259379
1005741
56235
2838011
1423497
971615
1274390
2685836
2452702
190750
960571
974500
1977739
1707163
890434
1090721
3032383
2214488
973585
1317281
1322804
2147140
3183225
3095857
1819311
1587496
217426
2702211
1095696
3174906
3050205
726215
450123
3119806
1946924
1659582
559069
3191928
2115141
2332253
1278688
2882799
2820391
558515
3065355
3377081
1438968
2106083
1582152
1077998
44334
899785
678785
2232918
1044934
3099296
2164735
486784
3242544
521486
669001
3190362
2759635
1133204
2554388
1869711
521043
164536
1195756
1708858
1719715
3305338
2316139
1835453
2842147
3027321
696372
2089486
205191
2658981
1883436
2718517
3286205
2998675
2494551
606072
2236457
1444467
1545888
822483
1076641
1073989
1913750
1620492
3445073
2284164
3369183
954874
2292759
1087150
2751872
1057494
3130956
212471
549299
2480126
3054620
398542
3340810
540885
2458430
629788
1643829
2145583
1544808
206165
1525853
3276705
1474161
2465312
2507367
2709534
2276911
583652
1027148
3320950
3392575
1349980
1408318
3438765
2158509
1164663
442322
1937965
3004303
2171123
185050
2673748
746371
159858
771209
1724159
650392
3347141
2072194
762237
234964
1438583
1713510
2494655
1510124
1470096
278719
1555452
952347
1428864
301523
2462881
1872305
814088
1372258
2680499
1133820
3052626
2378712
1092967
1482367
916789
904591
263352
1803485
1628128
3443189
1696783
1092200
272332
1108682
2917293
365087
1365567
669755
1101707
736667
2594451
3002184
2531714
2833086
1418839
1721549
316630
3076520
2596462
1885606
849330
1023072
2275167
3456654
1937137
617872
3026234
32807
20338
2753743
586626
1276461
971872
1812747
3323119
2030201
3240862
2857325
2975732
133880
2528346
1750891
2072652
2732043
1758907
1528985
681058
1401921
3278448
1902321
1472220
3122605
2581186
3013728
1324263
3037821
697715
2922153
1093680
1874833
3144342
615361
1229899
3141320
925051
2785438
2348760
1614985
1959368
369426
120753
2240336
2461168
1901736
2677256
1844925
2556555
2574908
344495
1019237
2745163
120673
3327338
3264856
2470242
1077864
2909310
2950116
1729308
1050061
796843
1998190
651847
2072399
1238147
1962908
2985393
2268921
1747814
1698708
3410316
2353184
2296773
317589
2750889
1483232
158807
295895
1495269
2536750
1720169
2607273
2720902
3117126
1029192
2105139
1271257
2787400
3319551
17579
372164
2919309
2823347
3127052
2273950
2907211
1375177
2950238
1436170
2991443
3308685
1280594
1783521
2364183
2844614
3034887
3276942
3426034
1418951
1584338
1922209
886182
901632
140745
3106651
1098644
2615964
130964
3395318
1493740
3240477
3361257
3401435
3011327
874534
1886366
1433890
2949106
2868915
2229140
1939096
1635244
1989805
2988038
1796214
1245212
2252426
1862688
3110790
950819
1403365
1778680
244709
57649
1375136
2613289
45216
487980
94000
1059799
2262721
634079
3099793
1206862
2072124
308084
2148826
1905354
1168800
3192918
2776180
1748468
1087073
1606761
2179573
1293874
251186
2609674
883466
2463371
3386754
129898
1052458
2092329
2579794
1129699
2998834
1757845
387350
984701
3128361
852932
2950028
1855948
1357767
1355298
2732221
2609550
3019772
3448356
834853
1901957
3398848
3037114
1562775
636364
2615952
1213372
536585
2133912
3194223
1635521
3275213
3313346
1155684
1307242
1544991
1426370
2249620
1041659
2628250
1854044
2086888
244099
3289302
178165
3178965
2045288
23219
1030226
2545563
1401587
1708449
93560
1452996
2450354
273414
2996257
1683184
2456637
2059805
2280520
1903640
830768
1624487
938829
472082
756294
491959
1027290
3223686
2320765
179204
2579384
2334256
2198093
1991376
2883513
2525025
318768
733038
388775
2071515
2866949
3135940
3033630
3214329
1775510
1587311
1722080
15977
3274126
2319304
107259
953328
1835771
1117028
2616793
3011698
3433717
3443840
2636264
3314806
276366
2260816
2172315
1126501
2804348
3025988
2711388
2156398
2742309
355000
1171678
1804995
420526
735296
3066094
2841622
2001692
266761
767200
2564363
2228857
236516
1230512
1091595
3401560
1380468
373592
2363044
1861448
3010022
1984951
21728
1577826
526791
441471
3252888
265632
2313752
733673
1477678
572861
1718327
93703
1948875
1953843
284172
1849901
909825
2029767
3345068
2664307
1790405
780716
2387396
2220372
1715289
1591640
2310324
3142392
2668673
693467
64392
2665253
1517553
1407460
2715578
593020
2266828
2067573
612317
137720
2231023
2121604
437295
833681
1962361
2550285
2447536
3213910
1146405
2511036
2793791
1109586
1962945
3352524
1392193
953548
1023423
3176025
2894135
1193513
2255639
2570089
1454509
3003707
2074011
2867938
2959353
2544401
2950325
1743769
824011
2669346
2204062
1063275
2605113
302121
3399588
187731
992104
161317
1423509
765620
1609834
123043
34075
1869713
1498644
2623152
182147
3244120
2749810
524423
2483500
993494
2435352
721253
2516899
2548374
1760441
2176416
1880655
153452
1280512
1476712
946062
2468513
419711
3041574
118956
2799019
1402553
970792
2987245
1709535
2938700
1999379
1912762
645985
1675675
799193
2263732
276528
865931
938494
2892166
997007
447008
442552
1754178
1258778
1865929
171166
1063333
1351641
2936429
2525555
581579
3035749
1436870
1505198
2943835
2726180
1518180
2994682
1677902
3146296
1643459
3111182
1012995
1790817
776223
3194913
1187062
2330150
656485
3068309
592590
3081935
423753
305085
365954
2951159
2942743
3374776
806852
1990158
2718898
957070
1043096
1600837
2233139
1632213
3294119
2134635
80677
2832488
2762848
1080121
1639760
2455011
614562
2921487
687411
2896182
2109317
1514517
1682553
1309338
1932847
1667191
2922655
1414929
949510
751177
1089483
532497
987627
1491810
812565
1879657
97516
70915
2517760
21567
377648
2609179
2638695
476855
1605474
3168209
2429025
322763
1087053
2999292
1445177
3127930
2084013
986313
849899
1127663
746192
3111635
3366304
3064785
1733965
2641351
3408841
2760708
1370697
643082
2523431
1486621
2902828
604713
1859735
3047222
3187506
486738
748202
137823
2290222
3450329
483730
714644
3440704
2842290
2313946
120224
2911212
675871
994243
2058533
2137222
1198121
2432914
1808377
3436061
3396638
901141
2890353
3127148
299705
515947
287121
3229917
983220
1099866
559471
1796555
755577
2976495
1985386
1211705
1849687
423083
314044
1694321
2938884
2204867
2207742
2687310
1880101
267957
1101057
2394512
2852992
828872
1759832
2866323
1957277
1868322
1838539
780315
1923555
2736112
1402664
1121573
1414948
2671122
633172
2957143
123045
1708355
1683428
254286
1026041
806405
3072066
1467264
1411488
200079
3448162
1075402
1210646
716927
952766
1237008
1047890
1193463
2427436
1934479
2554493
1652382
425047
3296719
1241607
907384
3092161
1492984
958208
2991284
3007504
1925952
1308288
961958
1830785
1028014
2789652
2388540
2024740
1925031
2957699
154426
2727993
1882168
1146742
794841
813619
768463
881596
631359
652279
3125960
3068833
1052816
1935127
1895169
2591209
3450858
2136911
2220557
2593941
486479
3342993
2270796
3008894
1702804
3295134
2130039
3159773
534197
2950265
226723
233246
872488
1768389
2161838
157219
1923033
1208753
1030827
3256227
194360
566624
790666
904069
3388245
871576
2566875
2737598
2117869
2615192
304033
1081884
929678
1182539
3412319
1255928
374983
15670
1247871
1547820
856502
658107
2456243
3216585
2777639
1245893
3067643
1164190
64215
2189590
375983
1107309
3188537
1937184
1307127
1724844
2461329
463158
613803
2720136
1227386
397971
1813902
1171167
114763
2987540
2460488
2011175
3117008
409580
1488715
1007133
1411235
1061672
1988677
1017655
821389
2832826
2029734
95247
673764
2261257
244885
356223
1627250
1979473
507752
3387323
1438905
414721
1596780
589050
871307
1764498
2880202
1807992
22342
2723477
108200
2053814
492822
3164913
479255
2749349
961937
654352
210186
1896069
114635
3007871
175170
684892
2043484
3068888
745105
559049
2657089
1989976
1366268
3314051
694557
1453168
1777501
3285443
2867853
1495752
2074222
1639584
1451648
2217766
2068146
66971
1518030
1970199
1395108
432848
277902
1847053
2552056
2424046
2582207
1783690
3004524
1840728
2070861
10352
1235634
3435893
2830028
2707831
512675
530662
1838621
2688769
104700
1735947
1125719
1672643
2111167
1101913
1122644
449633
1317542
187363
3037602
2697734
213744
3106407
2781044
1399648
1391763
2053728
45562
1654477
2636832
1926427
2231414
180441
3237411
109528
1846749
1576476
727241
1571825
2792896
2473247
912041
234133
1544541
3043654
1908720
967797
1956523
3213361
492974
3104212
3145736
1414170
2309360
2080934
682683
1013939
641159
1571496
1326863
2472980
2681805
2630933
2950672
1909144
482409
166176
328590
2980526
2948354
1251171
255976
37860
2625459
2821217
388913
1489743
2334594
1515020
3091298
1172032
843228
2442909
55683
3245915
582243
3284253
1943301
1235910
2472092
542222
135
2668884
2261673
659188
1436446
1635665
1865981
2479605
1140852
1023100
255378
2822790
1360230
1560113
2876541
1735031
776210
2976753
1483894
1739588
2433120
3389435
534949
698891
3054908
1647087
2043612
2237010
2783773
1658704
1470887
577751
3371798
2983594
2320293
3430228
2687307
2871311
1346232
1822523
1056212
2733948
1964378
3341372
714451
1119831
1705169
2599974
879076
5904
2798085
1132515
430875
3365008
2538952
3147590
1228597
1283812
3332564
1806181
2036001
69356
945580
2187778
2965326
3449815
1512875
808729
2985865
2839263
2957499
2881867
1876443
3003048
620906
1827456
1069399
252402
420604
520571
853908
249625
2320453
2053990
836567
430045
164657
1963371
954470
9891
3350819
995749
377890
3081359
1902253
1668824
199999
3080859
1282285
2725426
2979140
1687939
2490315
1642777
516246
2519228
655184
212322
3329191
1708089
2781949
727017
3040208
3191920
410345
1298410
479939
887279
3279733
2701374
198355
2919930
518703
651792
176045
344290
2358302
1641335
2989158
2702781
3020955
569695
2318619
488842
2423634
842606
3163430
3083072
3336386
2637514
2614335
1462338
707207
1266233
3281388
1384516
3325660
2617976
2950002
42125
1315620
1985933
3291988
2612895
827151
97966
927598
3208149
2101743
286910
1157344
1948301
2043573
758077
1373704
923141
2606715
1461637
1295254
1758109
2690228
3370247
2899783
2071205
1192267
757624
3196857
1212813
1873884
1913011
79934
56788
1819059
1900207
2216233
2297003
2145404
1952916
2563062
2433005
2940432
2201712
1633543
1675486
2585277
2404291
2678729
3126147
2487483
1341359
520821
1678701
587799
2253285
1313821
3182618
421969
894954
765508
2506268
2005287
3098751
3100373
2527841
2396055
900486
2082775
176596
3380808
268229
3122858
1909286
2556899
1515773
306018
1414040
118911
73104
2682803
2198514
1767443
2407482
1830604
215381
652507
3009834
2069579
1532264
2480182
1600644
180558
2415009
463756
1140969
3331149
3407748
675318
3026408
551419
2881522
3087416
1275160
383275
1660151
3052795
3206232
2717346
1073431
2119843
2910850
1785169
1521023
896015
1035855
1340592
1950271
55417
1344741
3318577
1212961
2578688
2186199
2079685
1863233
3236384
982292
2627297
526458
1454090
1884771
1570930
1766656
1440391
3270117
968142
3219959
3446430
2282078
2315466
75094
751633
2360587
2290649
83718
2607298
1453468
573108
1818837
1829700
3005797
270550
1506615
2491507
1845499
1647507
606908
2650103
331609
2943694
3325343
3445873
1635770
260797
3064979
931131
2681684
1595029
2086938
2616232
1342659
1295445
809377
652916
1487440
3000177
173167
1470375
3420914
472101
535568
179750
2000955
1323552
680603
2641531
527293
1806215
3121405
3062292
2944377
2840546
529294
2875837
1656512
2972032
1573779
1760393
2587201
2957958
1850672
43871
1297594
1840467
3192893
211510
3348610
3091852
1845918
2629979
2486685
1855054
3273630
2862795
1136960
2356754
1914915
3382789
130484
691380
1493640
594939
2283314
914837
709488
2967375
2283014
2723795
713183
2690934
218473
1825607
2020842
1694699
1826158
3046278
2696988
421793
903804
1913337
711117
2829976
3181660
3102247
992704
1535617
1472998
1521925
1661837
1201657
3360124
783988
1912577
1229254
2394240
406002
1668140
2829324
1979920
3122212
1295343
1432054
370952
1566488
426615
2307847
325379
1791003
2307302
2863030
847167
243472
3094830
330902
1060441
1784197
266380
1470377
1730701
3349881
205833
796186
3058717
799373
1940540
1841795
1827153
2394697
1163338
1301552
3425959
1509675
2490539
1606653
3347473
2622246
2122966
122357
1638752
3271973
1908785
2833694
2001735
1170664
2530867
407935
1147576
274171
2716499
1460404
2482013
459187
15224
2347887
500017
434125
468894
577423
2675793
334420
730655
316152
1561963
695057
2363624
2617285
1530192
1471388
208835
444048
3152451
743890
2276890
2617138
1390859
1728188
2120671
3264972
3201887
1002587
132356
3056727
1150685
168556
1801915
3231862
2468796
2826837
760146
857193
738612
2197534
1219386
12518
1491391
2621082
3276112
216203
266146
1754460
858422
1058017
3104906
3056474
921812
3259209
2372897
1546523
1141807
3195272
3339612
2921931
2352660
1992480
397952
2786682
2686406
1849012
2804570
1928706
2055537
344784
3448269
566943
162619
1774482
661703
2057476
3423424
1063526
2845870
2598831
1860073
542521
1168846
1023899
2343065
3303224
1063692
2734038
1807176
1630884
3251763
313835
3387822
1104597
993202
611010
2668096
2507679
2381610
1133690
1519436
3154876
2843687
438862
912427
2240580
1480895
255384
1960126
542067
1363880
3331679
562674
1205482
2830977
2039186
2309611
354340
791246
1789720
1030684
1043627
197942
1592939
2663276
263428
2864015
2626630
2138308
2623795
1752363
918803
1768466
2019813
536231
3119656
2757071
1612131
1917496
2452029
1594368
1674521
3091116
855797
458063
496850
1286973
2844623
1972465
2751904
1802867
2270264
1598756
3114825
709771
1782830
2144415
2122468
440111
1783760
2936660
1702099
2221880
2125675
2469573
2558900
1534012
1173273
1288177
1890388
383339
1178220
2333842
915207
980582
1633373
1744418
720674
3219919
307243
913560
1639192
109095
1024882
457529
3337563
3189188
2728689
2545279
2918467
536176
1136149
3398809
301908
2285509
3006859
1266248
2050169
606824
2615332
1511598
1022353
802247
188425
2604330
3281128
822459
2080194
1091220
2401830
1530759
1909006
933169
127400
1484054
741460
2124963
1587267
2718486
3102479
3172608
1817740
6054
1645366
787709
163491
425094
2459794
2156485
499818
364412
1156131
2007557
981329
1013319
772016
334181
2100011
3422284
1161826
1519927
2002194
430245
1127604
3230050
1168169
555568
1353964
2579036
2486224
823922
1748011
2361377
1960565
502628
2608667
80418
3323876
298633
849478
2022194
2997018
448917
230897
1401098
240031
3083433
628263
3321883
3392658
448984
561154
2745384
1995018
2645127
157913
513293
1196714
1952525
3016439
1352289
2799134
704040
2506297
2638504
1903611
2259452
975874
1556544
2171916
2513849
204945
2850213
80175
3240947
3408879
2444354
1022604
111832
345248
3233217
71233
938003
2149651
313780
1798946
1775090
1615839
773025
1243652
2632973
2140119
1512418
2123644
2891733
2888600
881650
2676061
525868
1113978
1862447
3133755
3133074
2859139
1228455
1750827
2197398
3208100
3385071
2777475
2860372
1235679
2134200
3024181
1951391
1848157
1495873
464484
2403161
348939
1470752
1995049
2510094
1358257
922466
1793452
49490
164683
773872
1336864
1691347
1182873
2051258
2948854
2109680
3367035
951713
1130756
2274873
2122016
1966200
1230020
1804950
483463
1897504
1952910
1210210
2566887
2644576
1004243
1059031
2197728
206363
289630
2590567
725479
1105732
1148140
548902
2442624
2128469
1634403
2903406
1239546
2146424
3284672
488364
2677339
2234481
983081
775409
3313461
767500
1845728
924372
3313162
271734
2746219
188563
3362280
1932706
427630
204703
352905
1630134
1156449
2179606
1390584
1459438
1774727
3069512
2478559
2128497
991865
1405441
1976432
2722728
1612076
2125444
107108
2652801
1359434
221359
1412004
1542148
2642881
3271300
190649
3237328
2516588
264342
1267014
2966907
2748193
1985967
808386
2523876
1126493
1707111
2063630
2076409
2099035
2584418
2111264
1154818
3021224
1013966
2929267
1835182
2223466
52821
2842849
2839034
1225541
2042481
952918
1646484
1457903
1714739
1616323
1590596
3233040
2277183
2595619
2790560
1621590
779648
355696
103184
1850136
370247
878033
2377650
1201068
1378598
3211879
2189702
1768011
1271591
3257172
717861
853400
464080
1038205
2694971
1480130
2204677
2175568
3074851
2280391
2346015
379735
2207796
2148903
2005651
2521331
1817015
1224380
196886
160921
2181070
1405029
1643754
1366536
205073
3316326
1286226
666777
1195703
60311
2692351
1983730
2809404
2316911
791681
1092223
2155644
1480853
1974221
415063
1194639
2765044
25204
2266229
572145
1999471
1339883
2949167
2938051
2606571
433962
2683578
2609429
275739
1376269
3243284
1859982
2969070
125174
2461486
1719950
3360946
918022
1661215
471432
2252948
105253
2623700
1559376
1798901
929971
3342222
1518016
1514253
2492559
845017
1745389
3062888
684998
3291052
292741
2987496
1318846
3394283
1992207
2265940
2419461
1619840
1422029
2577861
170744
1909601
2195317
1814841
3259094
1128718
2145583
362333
1660146
3146261
2179739
737373
2937705
799917
3158652
1635844
692678
2964975
2687541
1638288
2763170
2331568
825976
2342139
2871076
778470
1111225
1895312
1560881
379411
3200512
593589
1816464
2231055
848126
1806661
1407252
1891854
1198935
2050837
1309199
2207137
405393
80565
1022138
1083635
1903674
658208
2116928
2331492
1882174
218938
1742119
1751616
1896714
3063477
128206
1104620
3083873
1697444
614381
2018328
224265
1211553
2802364
1802021
1616175
3009341
1203394
1331096
635393
2421887
156110
2290745
429782
1361259
3028463
1796946
2248352
707748
1409801
3087336
1352264
2632521
2603504
2217736
1271150
1235903
3025743
2997746
1315674
1497881
436993
3451079
1171002
3425130
1287714
2699862
1438929
1253667
1668359
1420927
740831
3089714
675198
973057
2125473
1211968
868281
1612978
3318349
724884
2166666
180501
253123
2118754
386822
2829816
3331786
976463
2962399
2138327
2073900
1213841
3172643
1042939
3433811
444738
1734521
442441
861268
2332241
1166317
1366736
3190980
2041663
1263773
2526488
348091
608132
71279
1918889
2011183
3101790
2431779
717058
2109709
3066155
706174
1532595
2123520
1663142
221792
3395664
1383180
344212
1008287
1537258
3379760
34202
930244
69884
1650618
3369362
2263951
1891886
52281
993911
2850085
3267032
3366018
165559
2082315
973112
906565
2485591
1326823
810570
3377481
2543780
168312
352392
1498841
233730
2777000
1249032
3012444
2288126
2600582
320846
494570
3262844
3297952
1824952
1004274
3451427
2574280
3265958
2094891
2196134
465447
2361045
2000449
2027206
476291
1526748
1771478
826379
343746
494244
836321
2557576
2882505
1320020
1502212
1642905
1653678
2318336
2032486
191040
1288077
607342
1333896
3244955
1242673
811449
2191475
2336225
3309966
424102
292896
495851
3409174
1874621
1645871
1576498
3181366
3117902
1100387
809048
3343164
2218369
663735
442996
526577
1693952
2857369
170119
1975477
734708
288521
558778
875867
1531734
3042237
2808143
1985203
2427227
2880211
1045838
39160
2575925
2745424
766248
79945
3329356
3001847
1460882
2499991
982466
1161466
841649
2140886
2206392
2073359
2899995
639034
737277
2694031
30114
3446633
3368781
937152
2776952
319340
1591992
2183138
1624804
185309
1401247
1216625
312712
1746726
907923
569303
1680687
1624462
1610460
1049485
849782
2942464
262549
781720
1886119
1054981
970928
16104
123757
2749633
2494438
1859301
745705
33529
1035974
1206731
1747333
3224916
737106
1720356
3120735
2430694
190491
1491056
1835595
1113866
146851
2614251
123346
2657599
814542
574513
1928862
2873807
2762490
2882042
3449246
277637
268070
2991892
2214425
2913537
1153802
2458970
1208637
1999168
1510474
3002572
1903473
46810
307980
2255589
1904804
2531760
625050
691452
2445816
2302722
1175299
535791
521450
357408
2713760
3454995
575685
969224
687482
885830
1211207
2937997
1283128
1552284
922251
951057
1617337
179247
3254666
1405576
492711
503411
2984735
1709031
445248
1826098
1945918
1774213
2088667
500757
2862669
2299569
3432510
3251941
3257148
2008295
2052978
1354521
3143397
1618540
822780
2002076
427275
965321
3258351
515331
2684349
3111784
1569877
1168041
1951807
2205508
2781985
2216223
1793006
3150262
1565647
2249861
3066759
3192181
1971064
1293812
2987850
1294951
732162
2803072
25887
313395
907478
1253315
976867
1242605
2552353
2878377
1295341
2282869
2520750
2825691
3007428
3325712
1715140
1637632
863193
1901355
502856
67805
1333001
917378
2747499
331778
2156302
3197477
3406882
3198263
3175607
215456
859478
2312653
3051394
935617
1809433
2045988
1665248
81192
597379
1142170
1709120
2450716
1450301
526012
2083438
888361
1067677
2242828
1201460
1278585
3177726
1848266
3226769
2368532
211109
3120163
2981765
3191212
3083985
3004798
1335108
430963
2385651
238213
3325578
175907
1112751
2702149
1993642
283177
2053478
3035764
3135406
428827
1786652
1587806
3049025
1173770
302974
3031686
3453157
2754271
1550493
1976571
3307541
284879
831746
2293019
1168651
2740413
2103581
2282657
3086757
2482465
1759203
2892297
1780169
884173
933264
729940
393777
1066177
2193223
444103
2598834
1514793
1473445
920010
698835
2461646
2858980
165160
2571926
2352126
3308976
1569111
2788813
435474
2178501
1958339
3194855
136523
2623424
2693886
2517749
330115
3414191
3082543
3324189
1422215
450513
2296603
1494876
1354542
1397401
3039185
2169256
1816643
1128014
2107881
2621141
1979868
2067355
2112408
1865381
1304945
701679
3429381
1017698
2199208
765027
3338308
3286732
1496086
2552808
1567981
2803466
74100
2014371
1820399
48037
2541226
1398351
2528324
2573255
938558
2466226
347302
1078641
229137
1797817
2453263
2510635
1470023
2117340
1670020
1098722
288525
1183894
558084
3095559
2695438
688729
225830
191482
3039846
2138502
1534137
3021366
2454316
2600662
2772348
1056598
1029694
224438
92060
1679318
2764327
691026
1909530
3249648
2704052
2146377
3271403
3344233
2929297
2109125
2734927
1988988
1462550
1132701
357307
2655843
3044883
127534
2516319
3098871
1525556
21156
791751
1604942
535618
1068671
2567516
262082
3093831
1498409
1274531
2361746
935727
1777268
3408254
1230671
785361
2678440
3364994
2485708
2531277
344331
2278634
3189156
3347579
2170589
3415751
1353203
1509262
2627615
675076
2296007
3219567
2294971
2256830
757320
3428681
2029043
3176642
2444255
351500
911937
2197555
3079897
2026901
111326
1438162
3093487
1688172
2038332
484560
3133153
2216335
3083873
2903831
3176105
3211895
359946
1022151
2781723
2801398
807769
2993749
2509009
2825486
861003
383944
1320229
123555
2828555
542967
2798821
2639611
585476
2211452
1442532
428189
1163941
2387262
1833618
249181
3388928
231789
3230757
2115768
2887958
1393270
194903
1119633
2224920
2446988
26376
514413
2025665
1841501
1567005
1000112
871744
3128411
1144058
194126
1419545
2636139
2829765
3384594
606132
1192885
2438446
2641112
2694895
185151
674848
1482749
2913930
3362987
1439850
1931427
45407
2101622
3158938
2372918
3427051
3127204
3229432
2337172
2062393
183591
2774982
1160338
652030
2606026
1757538
3147177
213841
3427908
2221361
99868
292200
644505
2462274
1024684
3194694
1062285
1741395
3087204
3349079
1726387
1747963
3182401
2556629
1825739
649649
653306
2488960
1315226
3364546
2378703
1882034
2453359
363559
2345220
2194520
2617891
2970541
360950
1519400
1300072
64494
823800
1304659
2486053
3046420
54071
557316
2564333
1456398
3358207
2713418
1583740
3230491
1299595
3045394
2279058
2800403
1615804
111717
1102697
2626712
2280530
999576
3426209
2337169
2196697
1391300
322365
2277941
352114
2387220
710742
2463556
475531
217574
540246
1674709
2569560
39570
2842867
203749
1738009
3274408
2978229
2681694
334042
1368511
2691735
3214302
610914
3145951
696862
1082814
3210279
536237
1925588
1397337
2902851
1797250
2151186
948183
1663129
3446086
302942
3247039
304225
97930
1635786
2656768
630191
2628082
140539
187229
1680710
2151793
1355974
1807620
1641892
2261031
1241797
2414381
220131
1179333
736334
999021
2664057
2486134
1899906
539853
3178163
781077
1566119
2488246
2747134
2845158
3318144
2272257
319721
146365
850831
1871194
2017459
1795536
3321576
960170
108842
2082944
2207961
1596114
3091359
1040028
802333
1064023
809521
2154037
2014909
1506869
74387
1776574
382177
528253
2874235
2804681
94107
286950
37310
1568669
832224
727503
2791582
322758
2499678
946355
2750704
1873008
2441565
501088
3422869
629100
3216542
1025538
1666008
2892433
3011773
681862
890256
1015894
294947
3318925
1410818
2147276
2052879
3041167
2115555
784480
440629
1972217
1940966
852412
909857
869576
569638
984655
2461684
1910824
1552644
3439323
1701406
3315194
542116
897269
1164482
1281731
976457
2737521
1156029
333262
2680274
2904120
1554841
601451
2277158
602064
3322938
2471253
1172063
3146222
2138395
2266550
557398
176043
1621417
155592
503763
413795
2639032
896894
906924
3360009
3204203
3093054
131583
2282128
1733739
1237722
3317593
1223951
1529681
199507
2738917
602293
3361699
3289853
2027090
1273877
2735567
1028557
3079766
2971987
2848992
70666
3278521
1060336
1345188
1571584
1630364
3380178
1529070
3316995
2502149
1612609
664125
245719
1613664
1290521
155944
562723
2335670
655043
3240
1686371
1676127
3425160
3253393
128650
3076459
1485855
1831670
2580624
3164087
1034334
2956675
737503
2047738
136553
171046
2948043
583214
3343358
1104972
1963974
2427456
3323692
2338756
3256071
373033
2863235
1241283
3239625
1650193
2546339
647995
1760972
1311645
2059975
3140746
1330295
1657089
454982
1413008
2313005
2038384
1499377
1450025
1939468
1926395
1256438
2787494
3302742
2188672
2473073
2057226
3225733
1718873
2649438
2201287
3396661
3137111
333555
698088
2382371
1891440
868492
3070762
1351839
967243
2870792
717367
1577845
1474583
2724336
1999381
2826213
758642
1874151
3000919
2496741
215767
3041472
1854476
3198354
99693
1886026
3184505
1953536
2745100
327525
3407036
3053657
1857399
1974624
2691441
3161925
1167260
1824033
211102
1750697
927855
2021710
1731645
2966623
2566673
3280846
988801
3373181
1126785
527207
1398669
1585378
722032
1815583
2442264
2746302
348694
587823
3220524
148943
137679
2567215
1474664
2479077
907668
3351451
1651311
179425
2807219
3203924
2285593
162264
727825
2170987
3283576
1596178
765960
1677311
3167332
2395831
2990448
1962133
491706
1188062
1698128
1041744
2979675
2502017
3254559
2886647
1643315
2377968
2583811
1256870
2278812
935989
626600
2859570
993937
2796452
2444196
3125320
1984016
540665
2259602
77338
52588
843579
2223839
585895
17126
1390179
2293061
3015037
3396070
2540547
1230728
3422836
954594
1907218
2096064
2561529
1636800
3205710
852454
2109922
194981
3078912
2340049
1850538
1010562
2586888
908205
720386
2559058
3124655
1656550
870302
811785
2313069
446055
249035
392801
3013876
2567331
1719489
3071036
2185977
2246691
2294694
215293
3220864
239039
3270208
3119980
763159
2949041
3298168
949903
3147965
597468
3448990
3272997
332191
1990323
3046874
2478052
1086986
826270
2199949
2151557
2676274
640810
1911487
2028879
2017751
1456311
598229
1519407
2922788
149083
414221
1356781
2861672
1396025
3441488
616163
1942711
3177401
2144870
168718
1931631
1010362
2530848
1705585
3271090
3111793
2121338
1937774
2571208
2809987
3444408
655374
1171959
981334
135485
230019
1266849
1058908
1654824
1404604
2085864
116469
389845
1003965
418621
765068
1730308
3388818
1991401
529952
275130
408158
1379050
3264726
328467
2628509
1047755
2010458
678575
1124203
2127076
292741
1846187
462215
253302
1840936
2321565
3030715
1868325
2393178
133660
2423010
2287487
3404848
864271
3207386
121664
1751213
657934
2715871
1200392
2293180
3274054
8158
2404452
3008915
2156654
784753
1074529
2646843
445017
3448791
3191267
1932700
1758476
999488
727265
2813620
1828924
2384155
2635112
1664057
2981568
1067388
2019044
1162869
2382657
1353114
2875576
1864497
2834594
842875
909582
1090826
3304293
1799378
453599
1636673
159586
1233070
1442280
1518977
2121073
2039129
3290346
1388441
635873
566099
390628
3210625
1208881
2880440
646570
2742271
1176195
2485421
534704
857912
860052
3303433
1313231
165161
2423444
2135735
2204578
2962574
1864747
1073859
2435597
189941
27169
3157296
1470650
2539851
228563
864361
404245
2266678
1110324
1900411
2883896
541020
2290501
2202736
1704832
2197369
3442345
3372400
658409
1856625
3147399
2921736
2078802
3106229
3195029
173293
407733
2720079
2602552
3398834
2432168
2514830
3129524
2806422
227310
1069531
1492195
1706181
2607579
359091
1856298
824907
530352
904825
90553
2059193
1914924
45533
3382383
2002106
1895017
2089429
1157474
1157874
1716112
2413528
1889664
655296
1762493
575713
1891490
2220666
3099080
1388869
3404162
2214020
1528157
2274322
655591
3415418
124514
1544542
2615351
2972052
3304594
3281898
2852253
1618335
1713413
1059623
1787599
149916
1808116
1671797
24316
1824771
3446139
1571693
993647
264220
2158977
987439
2817480
2517186
3006132
168651
1515172
905625
1892211
1516516
2089908
1677479
11727
2830101
1362258
30127
2277388
2284045
2531307
1888599
1905747
1474752
3159260
1013944
3247007
1417153
96008
543964
2708552
884707
2625730
954552
471939
1037092
748079
679435
2854334
601291
2035464
2221451
564040
1432351
501573
2388948
2174828
1979840
1120964
3156497
1403992
1163077
659082
1033291
244206
1637005
2042571
1826869
849356
502918
242971
385373
1525912
595516
1324034
2061403
988276
3241622
858827
1422158
739611
399541
249327
3424469
3077262
3402800
3390058
1903048
1419628
826001
94729
466440
3118740
1478966
3450246
3111135
2180057
963005
2407560
393612
1971036
2740799
1110978
2827416
1174928
1958160
174540
3378110
1515908
1633864
1985751
1698476
897308
1206016
610363
2323796
1819167
1435673
264966
2306207
1223280
1211939
1618244
1877281
2162363
2980440
1597255
1310720
1522256
1735637
1553673
733879
3008558
3183788
2798556
2875420
2534996
3362692
2816820
457616
387065
3056222
1825565
1503521
1971451
103052
3200939
2511589
1190491
1031499
2046328
181931
751989
2069001
480853
1979675
3320892
383418
2006955
2504526
1851867
164841
1072925
1827759
487652
1969334
3344661
367973
3140871
878811
3016098
547319
1530697
1487771
2030383
1509912
2821445
620206
2006045
133907
3153777
251542
830203
517626
1713547
2166584
2927055
3430583
2848319
634593
2018196
2638308
429105
2387527
169039
1607339
1887887
955420
636914
131846
3240254
590359
2353445
721955
455129
1918721
683674
1348138
967494
702555
1800330
3341785
2423528
2842132
296495
197732
1541769
14420
766807
2533796
147484
1489759
945683
1348615
1285673
1014292
81979
897662
2630877
905759
2033244
1855195
2649672
3044611
1202249
870393
2388922
1671367
3024734
1276538
126529
2896585
2140525
1843837
417322
2719800
1067830
974530
1762759
2724921
2079288
3080937
2854743
2135016
3031509
1138226
2576207
1977166
3313529
901855
1405878
1486444
1755880
296484
1440181
1617331
832372
101217
2202443
2991328
3053285
208418
2888797
2883875
1763689
3351721
953179
437835
893544
1756064
8240
1452403
2745629
858595
2471604
1713186
2279320
1446023
1755290
2020707
2540180
1395904
2179386
2911453
1962378
1924740
3252441
2913566
2065175
3300310
2078743
961961
76030
695131
1249499
2008197
2663108
2131937
1845223
2390941
367612
1341300
684226
377264
1435196
2291142
2489891
3045439
701521
1069163
737999
357223
1369017
668307
505472
1051761
2792219
3163396
2727494
1666739
205942
1242882
3261967
733484
3073334
1460328
377163
944073
1295491
3432803
555545
3341382
3153784
2489034
673589
1118815
625727
1341531
1250172
1266093
2460668
253928
831478
3143666
684263
827244
2810754
1550562
327341
2951307
2714049
2539997
3433708
3121629
3436588
314267
472118
506130
3225570
484034
1614488
44780
2087348
2588162
3081582
2725481
2744637
2512728
965705
2062690
1921766
2534012
1098821
1039326
992392
373672
2702087
261753
223309
605512
3325612
1478218
2944581
3224644
1701877
454652
2437617
2348997
3065387
323003
1402143
3145799
1804760
3282161
2293646
2117705
410883
3017467
97538
1286803
2149190
3243327
209924
2112880
308499
1564778
2647466
68984
3229931
115909
329660
3200319
833602
2766279
112321
1137974
91502
990746
385470
669988
495922
1134777
1033560
2176357
2400537
1685424
3092906
1615415
2908565
2567745
1384210
961044
692279
1690831
1256592
1368946
2776622
667045
1795823
3251068
3199157
2204085
2609451
732270
2751867
1274009
929885
2227091
1856948
1604097
2640865
2197512
409757
1048672
1546107
1451223
2732248
2264297
1608796
1234898
2925442
2191607
2967142
99717
520011
331895
685080
2759540
2619519
1759671
347919
2451588
533265
2046336
2912325
3264080
865143
1933505
85337
363226
2607067
1322669
1946424
3138427
2035604
1675225
1641724
2626440
1200070
3142469
2956093
156501
1147955
1910174
2381720
1390756
1833176
112453
1870779
1876364
3385366
3051882
686759
3316639
3228978
855010
1280933
2723749
3432800
1799389
841150
301439
2758035
2161317
1447917
2414958
3119826
3313003
3155060
152366
3178366
174172
2386292
1298970
253601
865175
2272123
2018151
1152018
2843385
3160732
2395602
454554
3177174
63795
90833
377672
557292
890111
1686048
2330496
2145456
1091878
643367
2624496
645226
467167
1160524
496692
2015651
964473
2246992
888774
1793351
770143
863856
3439494
3406548
822526
763682
3383662
539909
2662580
2328790
749775
916763
2006084
930879
3210214
1160360
310081
1132180
3402219
1916879
2458173
2093584
436568
2341409
2812622
1707604
2031663
1209149
2596743
113266
2158805
1846760
370985
74103
3257655
122732
3233950
1508007
457844
1152747
3318543
2853018
1622334
3020450
501422
979496
1397487
3066847
878375
2034408
1003133
1274457
1210992
467884
370556
1449293
139658
1162643
1927165
212726
1757979
2096366
2619114
2139582
1673771
3376981
2047530
695015
984934
497573
3192336
1961999
2496513
925593
104294
938970
738835
66237
1971790
1071282
3239759
1787024
1596007
2667575
752925
2654341
2667062
2352973
648073
3202344
2860211
1595867
1598731
1955327
1388814
188082
2620846
2690264
2966700
117579
2799245
962547
2248552
3327467
2219814
1735338
3001577
1380106
590033
2084931
1331567
1126154
2677642
757827
835652
2645489
1883675
2147567
963888
1203943
2995011
2243339
3370947
1747490
408762
680039
2198203
1736147
905933
1154279
94542
71457
851353
2553267
1246073
2989026
1649235
878722
1212033
230391
3379826
1237821
1643815
1559056
3322106
453853
3029461
64887
3081745
3406322
2676149
994958
961029
2535090
2741628
809312
1271375
257730
83377
2655137
209699
3144133
2428732
1223025
1972567
1956476
1919226
2603154
766123
2801013
2225224
869507
3117860
1853323
1308422
2097193
654990
1563063
1592669
1531481
320111
2928652
2577576
141456
2947209
1058765
238205
595055
2927971
89750
2706459
1577084
1986440
43752
2872925
137679
2600658
315074
788755
1765390
2016547
1565845
2756424
772633
875348
2068612
1823690
2118375
3381672
1502125
1478946
3039517
1392702
896656
157484
770597
2785300
3185569
1531234
653904
799867
1875547
652580
1114647
832944
157684
1175048
2509664
1682128
2223279
1011680
1708821
3097693
2890690
296391
1858876
2857083
1520813
65723
3267578
323397
1409036
1186125
2366588
3051773
3427055
956972
65050
2727451
90933
1607460
2448049
320476
1817125
3448493
1208937
1092671
948654
1124393
2929332
3199556
2653949
1944848
413447
2962361
186246
2834706
301631
299736
1986892
1712696
3276625
2055464
2913339
3232135
167014
820578
351929
3392435
376248
770535
3046427
1871421
333666
923672
1015784
2392130
1125426
3327370
1025837
924596
2103585
583768
1733414
655653
1550986
2254716
2414583
1331337
1761910
2288115
2402078
1167608
2610049
1305571
2796846
1404786
1546029
2023854
683668
2148118
1202450
328455
452559
932415
2915002
1397868
2943720
3189425
1373627
2565580
393807
3329641
1158808
1080861
2456886
810459
1652247
3035816
2038179
287005
1017318
2724508
558668
3417269
1024313
1258688
1070209
1169695
1246792
1620085
1513632
2526069
2553164
2184236
812171
1903495
3256688
2295385
1205923
1824119
1612352
1024809
2212257
137411
2105672
3345498
888691
2724786
2708931
2146085
2580315
681765
3309174
1796380
3394267
3286191
2762407
1157564
2102185
2084824
222798
2430636
2601766
1695076
454523
2177897
1719141
2696202
3170743
3088730
1788080
2978962
331940
683454
1511616
2002195
221146
582715
1436902
1984288
1850968
1982089
835713
1132101
2055290
2812192
832770
3322954
1973004
634441
3058908
1586251
600526
1056636
2998688
695007
3005373
2244419
3136656
835396
131303
651055
1911236
531426
1555188
2790735
994058
2596373
681442
2146208
1105142
3080368
818340
2520423
618068
1939552
28464
1140590
1028636
1048550
1399365
2031259
1598282
1527582
3313966
2945978
53120
1097584
2590678
172442
2896949
2304689
1987189
435821
1375542
1644988
1829802
2276576
2790252
1166037
160726
1357927
2344735
1591641
466248
2725220
1445850
2644607
3100307
1127403
952890
2077515
2877750
2847056
284762
2846997
1302393
49245
1564833
310271
3422273
89862
3301838
1681377
485756
869662
2844407
2582640
981663
819984
504139
116237
559065
1999119
386441
1446699
2912071
1946358
1227058
1882606
2516501
365810
771634
2323548
806052
1860275
87765
3240520
2692376
1354965
2296542
2952246
420182
1695508
457006
455765
753956
574298
2371726
1545583
2522776
1297853
2948539
1745649
1560688
1720732
3268313
1754604
3063779
3088945
3152166
3156150
2313491
1880124
495456
187052
777158
3186739
1211493
2308714
2700427
195011
2751004
2577831
631884
1856639
1045415
2090198
2273319
526987
52400
3037871
3368645
6830
382849
2930055
1667957
2768120
1708594
521408
1296487
665933
2529932
2146286
2258231
2898774
3142752
1146389
884802
3445326
3050948
107072
1577697
213120
2485650
992729
1970241
2977585
1277334
1127740
2604351
1670511
3160088
1008696
174022
3133849
2895786
1651769
2044098
1970443
2497864
521459
223438
2174460
2601404
3034582
1877767
118332
3079485
321401
1551486
3183885
2490927
1175137
606237
2757155
1308961
2569742
1971529
1215916
1870669
84919
2779714
1480320
2093239
2617872
1909158
1210745
1802364
2300585
1180077
2346504
3413587
2120540
845090
115209
2278819
1739039
2489133
2231337
3244033
1427310
458913
557214
253162
2046176
2345201
1004275
2170753
3370614
1455411
2190380
889295
3233908
201457
3386458
3261320
3114524
2571854
3124817
743694
3455750
1633156
57022
1750616
2414
162818
1694160
2387884
1340916
4956
2574395
1189979
148828
3117854
1381887
2208851
2644129
2459996
911726
2027994
925275
126577
1128191
1848027
2812499
3275436
1958733
343806
693920
564051
2251020
2887469
1113935
1629034
840727
3074434
2055310
2835214
1502066
541387
395349
3302016
2706677
489182
934312
3076300
1738222
2984509
3336443
2051628
2509864
2996069
430696
7082
140265
2920504
3381963
1274003
1835370
1185196
810195
1415759
1769636
1774530
3425938
2947523
1285423
3226679
2632654
1858964
1168000
2459002
122184
1248794
1876858
915396
208436
1063459
1828099
32036
823615
1388930
1601189
1615214
1507039
204616
1984566
1740036
1242777
1443258
1584003
3420310
2523341
2319822
2607118
667798
3351405
3191878
2416790
2347804
1232660
3070652
1947224
3400788
2106443
1627461
176087
2760989
2133161
1896710
2346070
1448258
12855
1647966
1643484
466249
1536757
1686868
2303492
3423551
404881
1357340
841173
2614223
1449781
2969064
3038456
177841
836235
301659
2280370
760039
2708300
1606472
141992
3015041
2833209
3364288
853159
3206005
2976113
910866
1930840
943081
2669603
765878
2592208
93314
1299626
2711190
3188172
2948331
759841
2686437
1197309
728490
3119635
1861087
1194899
2434848
2316917
2475177
2261091
1802783
2693032
2533451
225758
2484821
2247264
232217
1272095
2270800
489261
684809
3447842
1484395
2072784
3306809
1326973
180495
502010
1091246
1147152
2237751
893215
886769
209516
2625574
3231614
2567777
409079
2883870
3387105
3248029
2178708
657798
2625000
2955879
3383720
2253366
1028460
1657279
2386751
894520
179890
798343
1960883
3122652
539737
967466
2561382
291233
2364697
2530554
562048
2263038
2475364
836928
2679602
2680210
29009
3200462
549077
1807326
3245076
2133183
1207223
371057
2596841
718458
1109041
518842
762926
436261
2015680
1879546
831883
2545490
1853209
1224351
2442370
3072677
3203409
3088400
625875
635795
2638241
3240094
2033853
2662093
1926913
1670910
706780
2323453
1847865
2805145
1654205
2710769
876408
2867223
3150382
2414126
844026
1963862
2698154
1815166
523556
1170156
1517281
2348276
865844
86231
1894928
2539429
2256789
2944338
3098351
2872164
782471
1473683
1600911
2546167
1235196
2807274
3397083
1862145
645098
250681
2881540
1881313
801586
3121228
2595918
3286901
46275
3379779
178092
2606061
2766809
2874825
931095
1370511
613876
1478608
314536
1676814
1235018
1861126
1138342
2685882
1019303
2097327
1283643
1236964
1338701
1102557
3114079
957460
3128243
1379422
250255
1648007
423844
3089935
1717135
3174021
366512
2803449
445863
755033
1356869
624980
1309005
208127
349960
1719495
922637
884957
3049980
2766810
1403143
2395612
3251400
156234
775633
3441155
3333710
2640787
2854130
2726966
1946998
3063141
2388241
2015030
1501500
2712622
2126137
3416275
1504996
2216985
1674051
2484050
2230529
2230898
1912043
2626330
2541715
1167765
526350
2935635
3454763
2209188
975538
1450302
346943
2330817
1735823
1788539
900308
1584987
2059036
2230547
1600644
1354848
2101960
2946740
1532642
193900
2634042
3148602
142714
2900883
3091619
3410457
1152062
2672348
117464
2187449
3166241
2384968
2242257
2854065
3292773
1227789
863461
1047597
329432
647768
273104
2265082
755785
1391721
2583512
41176
465182
2380006
2653438
64156
1601195
3281047
1540154
1769911
1292914
3009936
2312529
637128
2717721
1971701
358110
2133466
2515236
1154642
1952467
3287027
1722371
63281
976807
3065747
50493
1595866
812347
893739
3359060
1456426
434795
3273803
13498
1184092
3381253
559617
2616634
278832
2588630
315538
3065524
2984630
1757762
1959471
717843
264148
1053310
2033559
1465120
1201368
3116431
2481529
1177091
3218491
252643
828872
1072974
1157628
1080573
2615604
509959
454803
1805231
2919419
2194345
741587
1888111
682366
2847253
1502738
234151
3208029
1924559
1800084
639323
1391599
1528843
3434519
2723171
3280029
717429
1491603
2018116
971699
1306739
3095195
1696567
2719711
1612711
926418
1470395
2907903
3245969
327138
3013929
1275776
2771217
689522
386309
1811386
492354
1283897
2524279
1518090
1517037
2532948
3451216
1124934
253430
1096855
625743
660848
30075
1732517
290957
1836550
2169398
1570746
2928636
1426313
1924282
39420
637559
3411968
2359508
2513899
2426307
1285309
216815
2888987
861095
2279777
2489527
85368
669087
3031887
1417764
2994131
2103819
1175120
2293460
1629971
599496
2419262
1518904
145312
402767
5417
935013
711655
71234
3246828
1492972
2773965
2042126
7616
2646489
298612
2959374
74810
3320420
3413515
1134365
1090014
2604871
345438
2433226
1526801
511668
1392707
1980503
1438460
89648
1295832
1684242
2258480
2503816
715124
2128498
878641
3361855
1870305
3066493
2414036
2310884
467545
182210
203215
1895044
1972744
699504
965288
2449702
362813
1227772
1474286
3241298
173430
2504384
2103413
2991948
2926748
2924432
1828928
2024665
2473755
3178966
14666
3003009
2660050
771035
3073180
3097471
2608695
2729019
3038723
576910
1719685
3438159
1397889
3077338
141672
2643190
1692895
1672688
2915449
2617957
3116418
1383640
2624869
2569968
1246812
2265219
2277097
1430405
516494
2990271
1377735
1690501
1319489
537439
3387921
3255138
1400335
1406166
1709441
3433061
42067
514680
2250435
2820298
2106359
1040021
1112238
3294439
3081002
149030
2218476
2552581
1637012
2910299
1611529
17961
1543802
1100046
3442613
2989752
1533882
2806833
1525443
2722838
613888
3197841
865474
2364979
1485947
1172956
3291093
1535560
2137532
1773931
216764
1858000
649759
536520
1031294
268230
858291
3300829
648160
2322187
950198
1652280
516986
610803
3421292
1433080
179448
220056
2966615
93338
2447923
2884878
61763
1566233
1158930
678278
1304860
634896
3453581
1488317
3066155
951708
270856
3260502
1440930
1367629
1802922
1866972
1313606
3038263
1980520
721312
2819319
160869
917278
1798057
261365
2939473
2135834
1655620
796174
3253238
1580859
570124
3322981
1683151
515633
411414
153214
2304189
1962821
808387
2875814
4841
638998
1689624
470659
1808664
3379184
826669
531223
957787
1437713
1786210
2297137
148267
2025117
1623745
2307261
1295192
3154340
492805
2330857
3143253
3055323
3074835
2325817
262775
659678
1963488
260858
2491466
3376083
2235451
2382050
2170809
3341466
820357
348174
2751670
2971579
712540
1316936
15175
340395
1444910
2671187
2571047
1539999
2058888
293651
627938
2984200
3281356
81834
2763111
341249
693244
151840
1408521
464990
1015931
35398
794115
2060144
2892653
2139015
1638174
1674041
1120394
714554
2581053
303361
2315392
2638206
3339229
1387549
1570347
1339184
210762
1000109
1767728
1041205
1742092
1380682
1407773
2819256
2082139
2522407
263631
1634374
2284630
2178338
2278732
2127430
2359287
2187412
728662
558424
1479838
3419457
202793
3403247
2403528
2038087
1879500
2179716
2754317
2320089
3445370
1683039
967245
617823
745484
1781532
2068121
764766
1961288
1008539
916066
419745
2737889
3020087
2310493
430788
2642131
2245498
3446958
1771004
2353653
513559
2770372
1122400
2921110
3013075
2183040
700791
154420
1531060
518413
2824790
1373123
687833
1385133
2060370
871735
1498456
701630
1826240
1731259
100627
2505665
2004406
2064897
1561389
119891
597853
1090858
3231537
1055841
1999780
1912276
3264999
2295015
776980
2055784
2681423
452795
957169
1790007
1956272
1329503
2396169
2391279
2797545
1311878
2046803
1937671
1355317
625053
1000652
3280852
2262031
27734
279609
1492015
433288
2745216
2145721
2842756
1797189
2988278
2577590
1627818
3399761
683705
941981
2607647
553196
1484015
2660878
199928
2707547
1188977
1153021
526628
403994
662210
903948
647639
1180787
2022347
995278
2990074
3314158
2160907
810435
3144042
229880
2270944
1240428
2344385
162496
1140540
1347769
2759571
3218935
2795613
2485583
2403145
697016
2917964
1875220
1434723
359781
1954935
2751494
425828
779778
636444
1262245
348012
2005395
1034218
1396421
459382
1570529
3059826
1148077
758978
91615
1207935
2505369
1386202
1051254
3092966
1812142
530443
1506281
3332709
1221763
985028
792809
781576
1088241
1884158
717956
2594488
955949
2343344
1416496
3283958
898975
1415437
994094
2521963
164916
207256
1465525
2478701
1454607
1243293
16007
413233
2627340
3225512
989921
460869
2975750
480446
523121
3452452
1073914
1713793
36224
3253775
122914
2945613
1607344
350754
3064066
465813
1953739
3433426
1437301
3370066
2919028
1609612
2778192
2679514
3413173
201618
1404925
1745570
500081
2232014
528378
475667
2630624
482457
306004
1804418
1276931
61526
1341399
1263518
1574700
923531
1180574
1503570
3062888
2799964
1964290
149051
2663505
1823324
73913
116291
1121171
893474
2554450
114958
2830802
2946907
1765615
2970901
959661
2755600
1504972
1778779
200838
2212930
581415
1792734
918944
3107698
1467647
2378370
2006246
2603674
2389591
1395140
2807374
1569254
856327
3284234
2961085
25150
11655
2206352
781598
2628642
924786
2077223
1201466
2420660
890242
457742
813684
579962
2586531
315310
1119975
2524746
885193
318023
1112812
1978573
33151
601244
2522088
1175752
799409
2427669
292983
884323
998442
2217740
521542
1241067
481140
2447089
261891
1285149
3411545
2228620
668056
2161419
2857312
3275565
199194
1733167
186676
896603
510085
999221
1690308
920065
2164178
3330480
2754600
2143069
337336
621058
858719
2939293
1596947
1215325
1797910
99811
12857
427606
397871
1066974
2228985
737226
2855875
498210
3424690
88142
1976521
2997683
3240741
1552873
2978304
2000019
3291298
1098106
2458361
2167829
760827
213558
2551181
197665
1750386
3039034
1267472
754128
542155
2528038
3021605
2039737
2682271
2713850
334797
531524
233340
2715841
1669693
1478412
2072096
2887919
415074
2351352
3001335
415442
1169405
1310217
1382951
328657
1687465
983391
1399644
1462136
3368415
506914
228410
2176638
3199267
2653449
1627145
1235389
